x y n.x n.y
0.103875 0.00390625 -0.999873 0.0159223 1
0.104154 0.0117188 -0.999064 0.043246 1
0.10458 0.0195312 -0.99808 0.0619339 1
0.105098 0.0273438 -0.996468 0.0839785 1
0.105808 0.0351562 -0.99392 0.110108 1
0.106633 0.0429688 -0.987844 0.155449 1
0.107866 0.0507812 -0.979282 0.202502 1
0.108794 0.0570173 -0.970312 0.241855 1
0.110609 0.0585938 -0.970312 0.241855 1
0.112384 0.0664062 -0.97125 0.23806 1
0.113753 0.0742188 -0.96526 0.261293 1
0.115729 0.0820312 -0.938688 0.344768 1
0.118044 0.0836052 -0.938688 0.344768 1
0.119933 0.0898438 -0.936374 0.351004 1
0.122016 0.0976562 -0.934931 0.354829 1
0.123745 0.104292 -0.908546 0.417785 1
0.126622 0.105848 -0.908546 0.417785 1
0.129325 0.113281 -0.89324 0.44958 1
0.131397 0.119798 -0.879078 0.476678 1
0.134633 0.121644 -0.879078 0.476678 1
0.137609 0.128906 -0.856059 0.516878 1
0.139658 0.134406 -0.854975 0.518669 1
0.143299 0.136719 -0.841479 0.54029 1
0.146314 0.143701 -0.822966 0.568091 1
0.150251 0.145813 -0.822716 0.568452 1
0.153212 0.152283 -0.784723 0.619847 1
0.157461 0.154775 -0.772712 0.634757 1
0.160269 0.160156 -0.750827 0.660499 1
0.162866 0.165387 -0.74216 0.670222 1
0.167555 0.167969 -0.746189 0.665734 1
0.170442 0.1735 -0.750166 0.66125 1
0.175037 0.176169 -0.74381 0.668391 1
0.177906 0.181599 -0.731491 0.681851 1
0.182794 0.184374 -0.70927 0.704937 1
0.185558 0.18932 -0.683751 0.729715 1
0.191128 0.192281 -0.641233 0.767346 1
0.193656 0.196593 -0.611402 0.79132 1
0.199219 0.19895 -0.592798 0.805351 1
0.205039 0.201787 -0.572953 0.819588 1
0.207583 0.205504 -0.57851 0.815675 1
0.214222 0.208779 -0.549194 0.835695 1
0.21664 0.212308 -0.544874 0.838518 1
0.222656 0.214756 -0.504442 0.863446 1
0.228926 0.217441 -0.484454 0.874817 1
0.231513 0.220335 -0.484454 0.874817 1
0.238281 0.223192 -0.453543 0.891234 1
0.24438 0.225547 -0.420153 0.907453 1
0.246875 0.22801 -0.420153 0.907453 1
0.253906 0.230577 -0.407438 0.913233 1
0.261173 0.233059 -0.364512 0.931199 1
0.263154 0.235342 -0.364512 0.931199 1
0.269531 0.237066 -0.338026 0.941137 1
0.277344 0.23931 -0.324013 0.946053 1
0.284603 0.241233 -0.273905 0.961757 1
0.286033 0.24305 -0.273905 0.961757 1
0.292969 0.244396 -0.239785 0.970826 1
0.300781 0.245964 -0.222376 0.974961 1
0.308594 0.247395 -0.174923 0.984582 1
0.316406 0.24845 -0.119184 0.992872 1
0.324219 0.249242 -0.0779627 0.996956 1
0.332031 0.249793 -0.0394308 0.999222 1
0.348317 0.249936 0.0195998 0.999808 1
0.355469 0.249657 0.0374749 0.999298 1
0.363281 0.249272 0.0525098 0.99862 1
0.371094 0.248788 0.0686906 0.997638 1
0.378906 0.24818 0.089857 0.995955 1
0.386719 0.247408 0.120138 0.992757 1
0.394531 0.246421 0.156202 0.987725 1
0.402344 0.245236 0.194847 0.980834 1
0.411929 0.241668 0.236791 0.971561 1
0.410156 0.243848 0.236791 0.971561 1
0.417969 0.240706 0.270863 0.962618 1
0.416091 0.242758 0.270863 0.962618 1
0.425781 0.23883 0.295338 0.955393 1
0.433594 0.236842 0.330267 0.943887 1
0.441406 0.23275 0.365235 0.930915 1
0.449219 0.230354 0.399521 0.916724 1
0.439961 0.235341 0.365235 0.930915 1
0.457722 0.225028 0.430714 0.902488 1
0.456505 0.228176 0.430714 0.902488 1
0.464844 0.222808 0.458662 0.888611 1
0.473463 0.217007 0.490098 0.871667 1
0.480469 0.214284 0.51773 0.855544 1
0.497452 0.201264 0.589781 0.807563 1
0.48844 0.208464 0.550846 0.834607 1
0.486254 0.212111 0.529724 0.84817 1
0.495314 0.205402 0.588781 0.808293 1
0.471702 0.22041 0.490098 0.871667 1
0.332934 0.250119 -0.0394308 0.999222 1
0.339844 0.250115 -0.00541803 0.999985 1
0.347656 0.250092 0.0195998 0.999808 1
0.592253 0.0585938 0.971918 0.235321 1
0.599615 0.00390625 0.999909 0.0135199 1
0.599364 0.0117188 0.999205 0.0398735 1
0.598935 0.0195312 0.997726 0.0673995 1
0.598315 0.0273438 0.995533 0.0944158 1
0.597549 0.0351562 0.991963 0.12653 1
0.596552 0.0429688 0.985787 0.168003 1
0.595338 0.0507812 0.97407 0.226245 1
0.594178 0.0564538 0.971918 0.235321 1
0.590878 0.0664062 0.97254 0.232734 1
0.589176 0.0742188 0.958708 0.284393 1
0.584976 0.083237 0.942107 0.335313 1
0.583131 0.0898438 0.933371 0.358914 1
0.587281 0.0818991 0.942107 0.335313 1
0.576193 0.105469 0.909453 0.415807 1
0.568225 0.12117 0.877981 0.478695 1
0.573537 0.113281 0.892766 0.450521 1
0.57148 0.11933 0.87804 0.478587 1
0.580821 0.0976562 0.921577 0.388195 1
0.579089 0.103671 0.909453 0.415807 1
0.519771 0.184056 0.684726 0.728801 1
0.527777 0.176079 0.720506 0.693449 1
0.525033 0.181276 0.705571 0.708639 1
0.545466 0.15441 0.793866 0.608093 1
0.561586 0.131318 0.853153 0.52166 1
0.559228 0.136719 0.834342 0.551246 1
0.552643 0.145441 0.826091 0.563537 1
0.549623 0.152049 0.795818 0.605535 1
0.556571 0.143417 0.828944 0.559331 1
0.535476 0.167969 0.739818 0.672807 1
0.542687 0.160156 0.763866 0.645375 1
0.54023 0.165372 0.746409 0.665487 1
0.532655 0.173385 0.732145 0.681149 1
0.506201 0.194058 0.614235 0.789123 1
0.503784 0.198274 0.616376 0.787452 1
0.511719 0.191495 0.644552 0.76456 1
0.517145 0.188862 0.667455 0.74465 1
0.565227 0.128906 0.854134 0.520054 1
