x y n.x n.y
0.0698701 0.189453 -0.993481 -0.113996 1
0.069495 0.193359 -0.994661 -0.103194 1
0.0691484 0.197266 -0.995172 -0.0981465 1
0.0687952 0.201172 -0.995238 -0.0974759 1
0.0684491 0.205078 -0.995986 -0.0895143 1
0.0681386 0.208984 -0.998011 -0.0630359 1
0.0678828 0.212891 -0.999334 -0.0364962 1
0.0676847 0.216797 -0.999606 -0.0280533 1
0.0675247 0.220703 -0.999744 -0.0226148 1
0.0674073 0.224609 -0.999819 -0.0190036 1
0.0673321 0.228516 -0.999884 -0.0152065 1
0.0673 0.232422 -0.999965 -0.00840855 1
0.0673242 0.236328 -0.999988 -0.00497366 1
0.067393 0.240234 -0.999955 -0.00952252 1
0.0674749 0.244141 -0.999943 0.0106808 1
0.0676305 0.248047 -0.999738 0.022872 1
0.0678232 0.251953 -0.999075 0.0429979 1
0.0680641 0.255859 -0.997759 0.0669147 1
0.0683459 0.259766 -0.996656 0.0817126 1
0.068659 0.263672 -0.995683 0.0928139 1
0.0690092 0.267578 -0.994597 0.10381 1
0.0693649 0.271484 -0.992187 0.124757 1
0.0697716 0.275391 -0.988134 0.153596 1
0.0701772 0.278409 -0.992031 0.125994 1
0.0738259 0.166126 -0.978018 -0.208522 1
0.0731518 0.169922 -0.9816 -0.190951 1
0.0725422 0.173828 -0.984516 -0.175297 1
0.071907 0.177734 -0.989759 -0.142747 1
0.071258 0.181641 -0.993335 -0.11526 1
0.0706274 0.185547 -0.996843 -0.0793921 1
0.0741713 0.208984 0.999865 0.0164341 1
0.0739469 0.212891 0.999315 0.0370094 1
0.0737815 0.216797 0.999626 0.0273369 1
0.073657 0.220703 0.999809 0.0195441 1
0.0735648 0.224609 0.99997 -0.00771014 1
0.0735385 0.228516 0.999919 -0.0127499 1
0.0735618 0.232422 0.999938 -0.0111271 1
0.0736039 0.236328 0.999898 -0.0142725 1
0.0736726 0.240234 0.999682 -0.0252295 1
0.0737922 0.244141 0.999413 -0.0342672 1
0.0739619 0.248047 0.999457 -0.0329444 1
0.0741289 0.251953 0.999681 -0.0252559 1
0.070355 0.271484 -0.999917 -0.0129055 1
0.0704538 0.275391 -0.999479 0.0322886 1
0.0707799 0.279297 -0.999067 -0.0431836 1
0.0711412 0.283203 -0.996216 0.086908 1
0.0717677 0.287109 -0.984282 0.176603 1
0.0724407 0.291016 -0.980857 0.194731 1
0.073097 0.294922 -0.982143 0.188135 1
0.0737085 0.298828 -0.982697 0.185221 1
0.0776949 0.150967 -0.954513 -0.298171 1
0.0769077 0.154297 -0.9628 -0.270216 1
0.0760217 0.158203 -0.972164 -0.234303 1
0.0751283 0.162109 -0.9863 -0.164962 1
0.0743575 0.165826 -0.996919 -0.07844 1
0.0778441 0.177734 0.995275 0.0970962 1
0.0772495 0.181641 0.994808 0.101767 1
0.0766865 0.185547 0.994641 0.103388 1
0.0761851 0.189453 0.991854 0.127382 1
0.0757062 0.193359 0.991882 0.127162 1
0.0752751 0.197266 0.994372 0.105945 1
0.0749196 0.201172 0.996436 0.0843539 1
0.0746295 0.205078 0.997468 0.0711126 1
0.0743812 0.208984 0.997827 0.0658822 1
0.0743282 0.252099 0.99817 -0.0604711 1
0.07461 0.255859 0.996799 -0.0799543 1
0.0749362 0.259766 0.995739 -0.0922123 1
0.0753009 0.263672 0.994392 -0.105753 1
0.0757102 0.267578 0.992846 -0.119404 1
0.0761625 0.271484 0.991099 -0.133127 1
0.0766729 0.275391 0.988981 -0.148043 1
0.0773218 0.279297 0.988927 -0.148402 1
0.077953 0.283182 0.996062 -0.0886593 1
0.0742908 0.298828 -0.999546 0.0301377 1
0.0748858 0.302734 -0.989189 0.146648 1
0.0756112 0.306641 -0.974407 0.224789 1
0.0764519 0.310547 -0.96078 0.277313 1
0.0774091 0.314453 -0.95208 0.305849 1
0.0815918 0.139538 -0.927152 -0.374685 1
0.0807571 0.142578 -0.94085 -0.338823 1
0.0796301 0.146484 -0.957261 -0.289227 1
0.0784574 0.150391 -0.987483 -0.157723 1
0.0812687 0.162109 0.988343 0.152246 1
0.0804819 0.166016 0.983274 0.182131 1
0.0797507 0.169922 0.977532 0.210785 1
0.0790398 0.173828 0.979407 0.201895 1
0.0784472 0.177462 0.98211 0.18831 1
0.0784214 0.28344 0.985404 -0.170232 1
0.0790048 0.287109 0.983702 -0.179805 1
0.0796544 0.291016 0.98059 -0.196068 1
0.0803387 0.294922 0.973479 -0.228776 1
0.0812145 0.298828 0.978445 -0.206508 1
0.0818712 0.302123 0.992955 -0.118489 1
0.078397 0.314901 -0.98406 0.177837 1
0.0792364 0.318359 -0.956935 0.290303 1
0.0802389 0.322266 -0.946233 0.323485 1
0.0813162 0.32616 -0.938349 0.345689 1
0.0852305 0.131281 -0.907873 -0.419246 1
0.0840762 0.134766 -0.925049 -0.379847 1
0.0826866 0.138672 -0.960439 -0.278491 1
0.0856628 0.147077 0.980225 0.197884 1
0.0846732 0.150391 0.965544 0.260239 1
0.0837114 0.154297 0.963632 0.267232 1
0.0828742 0.158203 0.96219 0.27238 1
0.0822716 0.161066 0.966794 0.255557 1
0.0826551 0.302734 0.968977 -0.247152 1
0.083526 0.306641 0.961189 -0.275892 1
0.0844841 0.310547 0.955013 -0.296563 1
0.0855185 0.314338 0.974988 -0.222256 1
0.0823911 0.326637 -0.971978 0.235073 1
0.0833468 0.330078 -0.933331 0.359016 1
0.0845614 0.333984 -0.921274 0.388914 1
0.0854497 0.33701 -0.910265 0.414025 1
0.0890647 0.123507 -0.886535 -0.462662 1
0.0877553 0.126953 -0.914019 -0.405672 1
0.0864247 0.130493 -0.95597 -0.293464 1
0.0889198 0.138672 0.968763 0.24799 1
0.0878327 0.142578 0.948638 0.316365 1
0.0867546 0.146484 0.933991 0.357297 1
0.0864195 0.314944 0.949742 -0.313034 1
0.0873391 0.318359 0.940849 -0.338827 1
0.0885195 0.322266 0.932335 -0.361596 1
0.0894826 0.32545 0.959575 -0.281452 1
0.0868085 0.337891 -0.917813 0.397014 1
0.0881918 0.341797 -0.89755 0.440913 1
0.0892396 0.344892 -0.883925 0.467629 1
0.0929942 0.115803 -0.877787 -0.479051 1
0.0917911 0.119141 -0.899301 -0.437331 1
0.0903929 0.122635 -0.941996 -0.335623 1
0.0924236 0.130859 0.917671 0.397342 1
0.0910938 0.134766 0.920089 0.391709 1
0.0902325 0.137712 0.931241 0.364404 1
0.0906507 0.326208 0.921664 -0.387989 1
0.0919449 0.330078 0.909238 -0.416278 1
0.0931328 0.333496 0.921568 -0.388216 1
0.0907677 0.345856 -0.889668 0.456608 1
0.0922591 0.349609 -0.870207 0.492687 1
0.0932531 0.352401 -0.860226 0.509913 1
0.0969733 0.108592 -0.753575 -0.657362 1
0.0959535 0.111328 -0.809291 -0.587408 1
0.0944192 0.114784 -0.913466 -0.406915 1
0.0967715 0.123508 0.860177 0.509996 1
0.0952465 0.126953 0.848015 0.529973 1
0.0941764 0.129699 0.880814 0.473463 1
0.0945115 0.334392 0.896966 -0.4421 1
0.0958071 0.337891 0.883227 -0.468946 1
0.0970198 0.341101 0.892158 -0.451724 1
0.0949869 0.353516 -0.853512 0.521073 1
0.0965711 0.357112 -0.834529 0.550964 1
0.0996094 0.107301 -0.648328 -0.761361 1
0.100137 0.119141 0.832113 0.554605 1
0.098609 0.122507 0.829095 0.559108 1
0.0986043 0.342101 0.866986 -0.498332 1
0.100136 0.345703 0.851103 -0.524999 1
0.101136 0.348374 0.859828 -0.510583 1
0.0983936 0.358205 -0.845918 0.533313 1
0.0998014 0.361328 -0.811812 0.583919 1
0.100975 0.364059 -0.797633 0.603143 1
0.1038 0.104256 -0.587932 -0.80891 1
0.102758 0.106007 -0.410363 -0.911922 1
0.104581 0.11214 0.789175 0.614168 1
0.103209 0.115234 0.804261 0.594277 1
0.102062 0.117917 0.825156 0.564905 1
0.103021 0.349609 0.832731 -0.553678 1
0.104529 0.352916 0.821312 -0.570479 1
0.103059 0.365288 -0.785563 0.618781 1
0.104557 0.368281 -0.767985 0.640467 1
0.108755 0.0965243 -0.877039 -0.480419 1
0.108206 0.0996658 -0.85136 -0.524583 1
0.106794 0.103023 -0.740585 -0.671963 1
0.10833 0.108438 0.667528 0.744584 1
0.106954 0.110848 0.704191 0.710011 1
0.10647 0.354079 0.811322 -0.584599 1
0.107999 0.357218 0.786046 -0.618168 1
0.106795 0.369556 -0.757253 0.653122 1
0.108244 0.372319 -0.734852 0.678227 1
0.11159 0.0928216 -0.481299 -0.876557 1
0.110904 0.0952814 -0.707768 -0.706445 1
0.111328 0.107138 0.630401 0.77627 1
0.110108 0.35846 0.780475 -0.625186 1
0.111573 0.361328 0.757135 -0.653259 1
0.110669 0.373662 -0.718914 0.695099 1
0.112053 0.376199 -0.698684 0.715431 1
0.115234 0.0928378 0.391146 -0.920329 1
0.116244 0.0946833 0.703286 -0.710907 1
0.11681 0.0998662 0.9761 0.217324 1
0.115114 0.103516 0.777078 0.629404 1
0.113938 0.106085 0.684299 0.729201 1
0.113849 0.362648 0.744587 -0.667525 1
0.11521 0.365234 0.724484 -0.689292 1
0.116572 0.367802 0.706885 -0.707329 1
0.114689 0.377621 -0.674344 0.738418 1
0.116004 0.379945 -0.659833 0.751412 1
0.117586 0.0959156 0.974802 -0.223074 1
0.117671 0.0994439 0.965299 0.261147 1
0.119141 0.369163 0.690125 -0.72369 1
0.118871 0.38142 -0.637405 0.770529 1
0.120126 0.383585 -0.623928 0.781482 1
0.124208 0.0809046 -0.817968 -0.575264 1
0.12352 0.0839844 -0.905517 -0.42431 1
0.122466 0.0878906 -0.99772 0.0674851 1
0.123284 0.0917685 -0.74644 0.665453 1
0.12172 0.370528 0.670515 -0.741896 1
0.123047 0.372816 0.656218 -0.754571 1
0.123047 0.38497 -0.606244 0.795279 1
0.127748 0.0777519 -0.306634 -0.951827 1
0.126953 0.0795594 -0.543555 -0.839374 1
0.126953 0.0928129 0.155909 0.987771 1
0.125882 0.374284 0.630167 -0.77646 1
0.127145 0.376401 0.622417 -0.782686 1
0.125758 0.386185 -0.575654 0.817693 1
0.126953 0.38813 -0.577329 0.816512 1
0.130991 0.0796646 0.645606 -0.763671 1
0.132561 0.0835188 0.986 -0.166746 1
0.131448 0.0878906 0.880946 0.473217 1
0.130103 0.0911333 0.73297 0.680261 1
0.130247 0.377934 0.586901 -0.809659 1
0.131438 0.379893 0.583142 -0.81237 1
0.130322 0.389704 -0.545236 0.838282 1
0.131451 0.39151 -0.54501 0.838429 1
0.133201 0.0812243 0.901186 -0.433432 1
0.136429 0.2058 -0.973392 -0.229147 1
0.135917 0.208984 -0.980401 -0.19701 1
0.135316 0.212891 -0.985777 -0.16806 1
0.134787 0.216797 -0.989848 -0.142127 1
0.134327 0.220703 -0.993293 -0.115623 1
0.133949 0.224609 -0.996156 -0.0875976 1
0.133656 0.228516 -0.99823 -0.0594734 1
0.133455 0.232422 -0.999511 -0.0312829 1
0.133352 0.236328 -0.999995 -0.00308081 1
0.133424 0.240234 -0.999691 0.0248706 1
0.133601 0.244141 -0.998638 0.0521708 1
0.133867 0.248047 -0.996881 0.0789184 1
0.134216 0.251953 -0.994385 0.105827 1
0.134645 0.255859 -0.991026 0.133673 1
0.135156 0.259766 -0.986489 0.16383 1
0.135754 0.263672 -0.980645 0.195793 1
0.136353 0.267202 -0.974085 0.226181 1
0.134766 0.381417 0.553507 -0.832844 1
0.135953 0.383288 0.528068 -0.849202 1
0.134766 0.392887 -0.511567 0.859244 1
0.140274 0.0763716 -0.98055 -0.196268 1
0.139847 0.07969 -0.895449 0.445165 1
0.139985 0.193443 -0.946046 -0.324032 1
0.139017 0.197266 -0.955447 -0.295162 1
0.138093 0.201172 -0.964702 -0.263344 1
0.137258 0.205078 -0.973392 -0.229147 1
0.137131 0.267755 -0.974085 0.226181 1
0.13791 0.271484 -0.967167 0.254143 1
0.138797 0.275391 -0.958941 0.283607 1
0.139763 0.279297 -0.948655 0.316312 1
0.138672 0.384301 0.525015 -0.851093 1
0.137704 0.394011 -0.466774 0.884377 1
0.138713 0.39558 -0.480805 0.876827 1
0.143428 0.0691448 -0.726951 -0.686689 1
0.142513 0.0722656 -0.827762 -0.561079 1
0.140793 0.0757035 -0.993644 -0.112565 1
0.142136 0.0808414 -0.618605 0.785702 1
0.143027 0.0824845 -0.288395 0.957511 1
0.144035 0.182522 -0.907288 -0.42051 1
0.14316 0.185547 -0.92227 -0.386546 1
0.141959 0.189453 -0.93491 -0.354885 1
0.141068 0.192698 -0.946046 -0.324032 1
0.140928 0.280343 -0.948655 0.316312 1
0.141687 0.283203 -0.93674 0.350025 1
0.142879 0.287109 -0.92289 0.385065 1
0.143897 0.290432 -0.907391 0.420287 1
0.142226 0.385802 0.496992 -0.867755 1
0.143269 0.387437 0.494396 -0.869237 1
0.142578 0.397081 -0.451387 0.892328 1
0.146484 0.0680781 -0.170475 -0.985362 1
0.146484 0.0805852 0.582729 0.812666 1
0.145389 0.0824003 0.395359 0.918527 1
0.147854 0.174756 -0.869063 -0.494702 1
0.146838 0.177734 -0.889222 -0.457477 1
0.145422 0.181609 -0.907288 -0.42051 1
0.148327 0.232422 0.99953 0.0306552 1
0.148322 0.236328 0.999995 -0.0033052 1
0.14834 0.240234 0.999291 -0.0376475 1
0.145286 0.291339 -0.907391 0.420287 1
0.146563 0.294922 -0.889684 0.456576 1
0.147717 0.298144 -0.869641 0.493685 1
0.146484 0.388619 0.467917 -0.883772 1
0.14544 0.398039 -0.402015 0.915633 1
0.146484 0.399479 -0.423037 0.906113 1
0.150071 0.0688392 0.669743 -0.742593 1
0.151024 0.0722656 0.959595 -0.281386 1
0.150161 0.0761719 0.892767 0.450519 1
0.149126 0.0790072 0.788521 0.615007 1
0.151129 0.169944 -0.846308 -0.532695 1
0.149489 0.173715 -0.868164 -0.496277 1
0.15196 0.205657 0.963131 0.269034 1
0.151312 0.208984 0.97178 0.235891 1
0.150592 0.212891 0.979722 0.20036 1
0.149969 0.216797 0.986374 0.164521 1
0.149441 0.220703 0.991516 0.129984 1
0.149008 0.224609 0.995321 0.0966201 1
0.148673 0.228516 0.997972 0.0636574 1
0.148471 0.231561 0.99953 0.0306552 1
0.148495 0.240672 0.999291 -0.0376475 1
0.148736 0.244141 0.997444 -0.0714486 1
0.149096 0.248047 0.994509 -0.104647 1
0.149551 0.251953 0.990514 -0.137415 1
0.150098 0.255859 0.985344 -0.170578 1
0.150733 0.259766 0.978503 -0.206231 1
0.151467 0.263672 0.969513 -0.245041 1
0.152037 0.266665 0.959133 -0.282954 1
0.14935 0.299173 -0.869641 0.493685 1
0.150851 0.302734 -0.847083 0.53146 1
0.151862 0.305417 -0.834344 0.551244 1
0.149945 0.389892 0.437175 -0.899377 1
0.150892 0.39133 0.436493 -0.899708 1
0.150391 0.400803 -0.395876 0.918304 1
0.155446 0.162951 -0.81011 -0.586278 1
0.154077 0.166016 -0.82433 -0.56611 1
0.152888 0.168842 -0.848811 -0.528696 1
0.155719 0.194023 0.924644 0.380832 1
0.154851 0.197266 0.940437 0.339967 1
0.15381 0.201172 0.953074 0.302737 1
0.152875 0.205025 0.963131 0.269034 1
0.153069 0.267578 0.959133 -0.282954 1
0.154065 0.271484 0.947745 -0.319028 1
0.155152 0.275391 0.933935 -0.357442 1
0.155879 0.278205 0.918175 -0.396174 1
0.153798 0.306641 -0.82071 0.571344 1
0.155306 0.309858 -0.8011 0.598531 1
0.154297 0.392442 0.40555 -0.914073 1
0.15369 0.401813 -0.366913 0.930255 1
0.154514 0.403036 -0.370192 0.928955 1
0.158978 0.158717 -0.77384 -0.633381 1
0.157461 0.161758 -0.797688 -0.60307 1
0.159394 0.186023 0.888633 0.458618 1
0.158219 0.189453 0.907083 0.420952 1
0.15698 0.193178 0.924644 0.380832 1
0.157283 0.279297 0.918175 -0.396174 1
0.158629 0.283203 0.899662 -0.436587 1
0.159598 0.286183 0.878294 -0.478121 1
0.157363 0.31106 -0.791059 0.611739 1
0.158862 0.314033 -0.764168 0.645018 1
0.158203 0.393711 0.376357 -0.926475 1
0.159057 0.394963 0.365608 -0.930769 1
0.158203 0.404102 -0.346498 0.938051 1
0.163798 0.0655668 -0.953812 -0.300404 2
0.163623 0.0677322 -0.949214 0.314633 2
0.162634 0.154681 -0.739359 -0.673311 1
0.16117 0.157445 -0.762689 -0.646765 1
0.163371 0.17858 0.848308 0.529503 1
0.162217 0.181641 0.869153 0.494543 1
0.160903 0.18504 0.888633 0.458618 1
0.161177 0.287189 0.878021 -0.478621 1
0.162779 0.291016 0.852345 -0.52298 1
0.161112 0.315318 -0.751424 0.65982 1
0.162549 0.318019 -0.729166 0.684337 1
0.162109 0.395775 0.348855 -0.937177 1
0.162109 0.405193 -0.321829 0.946798 1
0.16636 0.0613422 -0.584164 -0.811636 2
0.165368 0.0644531 -0.872311 -0.488952 2
0.165433 0.0686816 -0.765576 0.643346 2
0.166407 0.071001 -0.403284 0.915075 2
0.166413 0.150821 -0.699597 -0.714538 1
0.165028 0.153343 -0.719251 -0.69475 1
0.166725 0.174028 0.815531 0.578713 1
0.165136 0.177478 0.845215 0.534426 1
0.16455 0.292167 0.854563 -0.519347 1
0.165701 0.294922 0.822219 -0.569172 1
0.167117 0.298023 0.803069 -0.595886 1
0.164995 0.31938 -0.707301 0.706913 1
0.166352 0.321823 -0.682683 0.730714 1
0.166016 0.396862 0.322044 -0.946725 1
0.165097 0.405938 -0.288463 0.957491 1
0.166016 0.407003 -0.296006 0.955186 1
0.169922 0.0609167 0.284987 -0.958531 2
0.170326 0.0692803 0.554432 0.832229 2
0.169317 0.0708324 0.359859 0.933007 2
0.170333 0.147082 -0.660427 -0.75089 1
0.169021 0.149409 -0.678528 -0.734574 1
0.171277 0.167253 0.767455 0.641102 1
0.170066 0.169922 0.784779 0.619775 1
0.168655 0.172838 0.814562 0.580076 1
0.169176 0.299228 0.789592 -0.613632 1
0.170676 0.302202 0.764351 -0.644801 1
0.169061 0.323271 -0.655333 0.75534 1
0.170351 0.32549 -0.640537 0.767928 1
0.169837 0.397849 0.300379 -0.95382 1
0.170531 0.398859 0.299298 -0.95416 1
0.169922 0.407921 -0.272038 0.962286 1
0.172776 0.0617569 0.636394 -0.771364 2
0.173122 0.0644531 0.968292 -0.249821 2
0.172804 0.06766 0.803419 0.595414 2
0.174429 0.143463 -0.619966 -0.784629 1
0.173195 0.145603 -0.63024 -0.7764 1
0.174981 0.163207 0.730386 0.683035 1
0.173545 0.165965 0.751609 0.659609 1
0.172946 0.303485 0.746778 -0.665073 1
0.174369 0.30615 0.719532 -0.69446 1
0.173355 0.327003 -0.604217 0.79682 1
0.174556 0.329022 -0.590762 0.806846 1
0.173828 0.399611 0.281898 -0.959444 1
0.173828 0.408784 -0.249135 0.968469 1
0.178928 0.0614179 -0.818482 -0.574532 2
0.178593 0.0644531 -0.961718 0.274042 2
0.178844 0.0669322 -0.529042 0.848595 2
0.178732 0.139944 -0.580112 -0.814537 1
0.177545 0.141936 -0.596428 -0.802666 1
0.178826 0.159334 0.690158 0.723659 1
0.177454 0.161852 0.711886 0.702295 1
0.176883 0.307533 0.693336 -0.720614 1
0.178217 0.309911 0.667468 -0.744639 1
0.177734 0.330473 -0.562765 0.826617 1
0.177734 0.4005 0.259663 -0.965699 1
0.177734 0.409583 -0.230343 0.973109 1
0.178524 0.410432 -0.230343 0.973109 1
0.182369 0.0574459 -0.683734 -0.729732 2
0.180764 0.0602607 -0.840148 -0.542357 2
0.180362 0.0656506 -0.745803 0.666167 2
0.181641 0.0676024 -0.351271 0.936274 2
0.181641 0.138699 -0.561022 -0.827801 1
0.182845 0.155612 0.648499 0.761215 1
0.181541 0.157908 0.666718 0.74531 1
0.181055 0.311393 0.629361 -0.777113 1
0.182291 0.313515 0.6145 -0.788917 1
0.180435 0.331574 -0.521861 0.85303 1
0.181641 0.33338 -0.524996 0.851105 1
0.181641 0.401329 0.235923 -0.971772 1
0.181641 0.410977 -0.215071 0.976598 1
0.186152 0.05405 -0.427627 -0.903955 2
0.185547 0.0559086 -0.467951 -0.883754 2
0.185907 0.0655924 0.454933 0.890526 2
0.185074 0.0671857 0.465978 0.884796 2
0.185775 0.135657 -0.524112 -0.851649 1
0.184696 0.137397 -0.524112 -0.851649 1
0.185547 0.154341 0.626144 0.779707 1
0.185476 0.315057 0.582463 -0.812857 1
0.186636 0.316993 0.561576 -0.827425 1
0.185364 0.33496 -0.483247 0.875484 1
0.186387 0.336552 -0.483141 0.875543 1
0.185134 0.402006 0.214372 -0.976752 1
0.185661 0.402747 0.214372 -0.976752 1
0.185547 0.411664 -0.19829 0.980143 1
0.189453 0.0541595 0.235865 -0.971786 2
0.190374 0.0553961 0.565801 -0.824542 2
0.190699 0.0612097 0.876801 0.480854 2
0.188972 0.0638839 0.684877 0.728659 2
0.189453 0.134131 -0.488461 -0.872586 1
0.189572 0.151018 0.585798 0.810457 1
0.188387 0.152992 0.590066 0.807355 1
0.189453 0.318097 0.537383 -0.843338 1
0.189453 0.337572 -0.439295 0.898343 1
0.189453 0.403397 0.195584 -0.980687 1
0.189453 0.412308 -0.180655 0.983546 1
0.192794 0.0566406 0.893789 -0.448488 2
0.192309 0.0602475 0.877758 0.479104 2
0.193359 0.13157 -0.454961 -0.890511 1
0.194064 0.147626 0.545065 0.838394 1
0.192952 0.14945 0.547946 0.836514 1
0.192818 0.319522 0.488734 -0.872433 1
0.193857 0.321128 0.488734 -0.872433 1
0.193359 0.338936 -0.39855 0.917147 1
0.1943 0.340284 -0.39855 0.917147 1
0.193359 0.404024 0.178121 -0.984009 1
0.193359 0.412901 -0.163339 0.98657 1
0.197266 0.130145 -0.423161 -0.906055 1
0.197266 0.146329 0.511817 0.859094 1
0.197266 0.322347 0.438944 -0.898514 1
0.197266 0.341072 -0.360077 0.932923 1
0.197266 0.404607 0.160061 -0.987107 1
0.197266 0.413451 -0.146886 0.989153 1
0.201172 0.127878 -0.393016 -0.919532 1
0.200078 0.129273 -0.393016 -0.919532 1
0.201347 0.143574 0.474024 0.880512 1
0.200351 0.145141 0.474024 0.880512 1
0.200787 0.323548 0.393413 -0.919362 1
0.201658 0.324846 0.393413 -0.919362 1
0.201172 0.342179 -0.323614 0.946189 1
0.201172 0.405136 0.1414 -0.989953 1
0.200609 0.413878 -0.131399 0.99133 1
0.201172 0.414381 -0.131399 0.99133 1
0.205078 0.126658 -0.363803 -0.931476 1
0.205078 0.142195 0.437653 0.899144 1
0.205078 0.325818 0.348246 -0.937403 1
0.205039 0.343179 -0.285795 0.958291 1
0.205706 0.344145 -0.285795 0.958291 1
0.205078 0.405616 0.123148 -0.992388 1
0.205078 0.414802 -0.116646 0.993174 1
0.209471 0.0566406 -0.942281 -0.334824 3
0.209854 0.0601084 -0.813336 0.581795 3
0.209491 0.124484 -0.335923 -0.94189 1
0.20873 0.125606 -0.335923 -0.94189 1
0.209108 0.139816 0.404135 0.914699 1
0.208228 0.141154 0.404135 0.914699 1
0.208984 0.326883 0.301975 -0.953316 1
0.208984 0.344805 -0.246448 0.969156 1
0.208984 0.406041 0.105675 -0.994401 1
0.209264 0.406428 0.105675 -0.994401 1
0.208984 0.415178 -0.100687 0.994918 1
0.213392 0.0537335 -0.549211 -0.835684 3
0.211337 0.0555279 -0.9032 -0.42922 3
0.212891 0.0610613 -0.431253 0.902231 3
0.212891 0.123633 -0.307363 -0.951592 1
0.212891 0.138627 0.370412 0.928868 1
0.212481 0.327718 0.254727 -0.967013 1
0.213092 0.328586 0.254727 -0.967013 1
0.212891 0.345547 -0.2078 0.978171 1
0.212891 0.406724 0.0884768 -0.996078 1
0.212891 0.415501 -0.0837562 0.996486 1
0.217813 0.0501593 -0.553177 -0.833064 3
0.216797 0.052321 -0.500459 -0.86576 3
0.216797 0.0603319 0.34667 0.937987 3
0.216797 0.122679 -0.279003 -0.96029 1
0.21764 0.13632 0.337893 0.941184 1
0.216797 0.137473 0.337893 0.941184 1
0.216797 0.329273 0.210015 -0.977698 1
0.216797 0.346194 -0.172331 0.985039 1
0.216797 0.406992 0.0705413 -0.997509 1
0.216797 0.41577 -0.0670161 0.997752 1
0.220703 0.0493023 -0.378711 -0.925515 3
0.219857 0.0511073 -0.282398 -0.959297 3
0.220814 0.0579016 0.351684 0.936119 3
0.219959 0.0591895 0.441991 0.89702 3
0.221671 0.120836 -0.253255 -0.967399 1
0.220703 0.121792 -0.253255 -0.967399 1
0.220703 0.135595 0.306477 0.951878 1
0.220703 0.329898 0.166485 -0.986044 1
0.220703 0.34675 -0.138659 0.99034 1
0.220703 0.407203 0.0525451 -0.998619 1
0.220703 0.415986 -0.0514675 0.998675 1
0.224609 0.0489123 0.244248 -0.969713 3
0.224609 0.05648 0.499079 0.866556 3
0.224609 0.120309 -0.229418 -0.973328 1
0.224609 0.134651 0.274991 0.961447 1
0.224609 0.330404 0.122482 -0.992471 1
0.224609 0.347216 -0.103915 0.994586 1
0.224609 0.40735 0.0348174 -0.999394 1
0.224609 0.416152 -0.036791 0.999323 1
0.227791 0.0498361 0.609746 -0.792597 3
0.229508 0.0527344 0.998879 0.047332 3
0.227481 0.0553723 0.597748 0.801684 3
0.228516 0.119591 -0.204573 -0.978851 1
0.228516 0.133785 0.245415 0.969418 1
0.228516 0.330782 0.0776167 -0.996983 1
0.228126 0.34755 -0.0676172 0.997711 1
0.228516 0.347819 -0.0676172 0.997711 1
0.228516 0.407437 0.0184339 -0.99983 1
0.228516 0.416267 -0.0225558 0.999746 1
0.232422 0.118945 -0.179572 -0.983745 1
0.232422 0.132357 0.217636 0.97603 1
0.23184 0.133118 0.217636 0.97603 1
0.232422 0.331019 0.0327526 -0.999463 1
0.232422 0.347946 -0.0313893 0.999507 1
0.232422 0.407468 0.00336262 -0.999994 1
0.232422 0.41633 -0.00851802 0.999964 1
0.236328 0.11836 -0.156098 -0.987742 1
0.236328 0.13169 0.189306 0.981918 1
0.236328 0.331079 -0.0115436 -0.999933 1
0.236328 0.347954 0.00465663 0.999989 1
0.236328 0.407458 -0.0111361 -0.999938 1
0.236328 0.416337 0.00563279 0.999984 1
0.240234 0.117837 -0.130155 -0.991494 1
0.240234 0.131104 0.161319 0.986902 1
0.240234 0.330914 -0.0555359 -0.998457 1
0.240234 0.347924 0.0397919 0.999208 1
0.240234 0.407399 -0.0257267 -0.999669 1
0.240234 0.416284 0.0197165 0.999806 1
0.244457 0.117015 -0.104816 -0.994492 1
0.24413 0.117392 -0.104816 -0.994492 1
0.244141 0.13059 0.135066 0.990837 1
0.244141 0.330606 -0.0997497 -0.995013 1
0.244141 0.34751 0.0746342 0.997211 1
0.243879 0.347783 0.0746342 0.997211 1
0.244141 0.407286 -0.0411057 -0.999155 1
0.244141 0.416179 0.0340405 0.99942 1
0.248047 0.116735 -0.0834387 -0.996513 1
0.248047 0.130148 0.108347 0.994113 1
0.248047 0.330165 -0.144725 -0.989472 1
0.248047 0.347125 0.11046 0.993881 1
0.248047 0.407118 -0.0580997 -0.998311 1
0.248047 0.416023 0.0489613 0.998801 1
0.251953 0.116493 -0.0615788 -0.998102 1
0.251953 0.129787 0.080397 0.996763 1
0.251953 0.329597 -0.192813 -0.981236 1
0.251953 0.34664 0.146503 0.98921 1
0.251953 0.40689 -0.0762275 -0.99709 1
0.251953 0.415814 0.0642728 0.997932 1
0.255859 0.116331 -0.0393112 -0.999227 1
0.255859 0.129514 0.0527286 0.998609 1
0.255859 0.328894 -0.244232 -0.969717 1
0.255859 0.346058 0.182202 0.983261 1
0.255859 0.406597 -0.0897191 -0.995967 1
0.255859 0.415555 0.0792217 0.996857 1
0.259766 0.116241 -0.0191181 -0.999817 1
0.259766 0.129332 0.0266331 0.999645 1
0.259766 0.327273 -0.290616 -0.95684 1
0.258671 0.328386 -0.290616 -0.95684 1
0.259766 0.345382 0.219868 0.97553 1
0.259766 0.405931 -0.10371 -0.994608 1
0.25888 0.406361 -0.10371 -0.994608 1
0.259766 0.415249 0.0936872 0.995602 1
0.263672 0.116223 0.00077598 -1 1
0.263672 0.12924 0.00190563 0.999998 1
0.263672 0.326247 -0.33399 -0.942577 1
0.263672 0.344604 0.260643 0.965435 1
0.263672 0.405504 -0.124234 -0.992253 1
0.263672 0.4149 0.10931 0.994008 1
0.267578 0.116245 0.021865 -0.999761 1
0.267578 0.129311 -0.0226846 0.999743 1
0.268503 0.323788 -0.386558 -0.922265 1
0.267578 0.325108 -0.386558 -0.922265 1
0.267578 0.342924 0.300292 0.953847 1
0.266551 0.344042 0.300292 0.953847 1
0.267578 0.405016 -0.144498 -0.989505 1
0.267578 0.414496 0.122009 0.992529 1
0.271484 0.116346 0.0450152 -0.998986 1
0.271484 0.129479 -0.0482526 0.998835 1
0.271484 0.322809 -0.441213 -0.897403 1
0.271484 0.341875 0.338546 0.94095 1
0.271484 0.404477 -0.162734 -0.98667 1
0.271484 0.413635 0.133233 0.991085 1
0.270501 0.414193 0.133233 0.991085 1
0.275391 0.116532 0.0694824 -0.997583 1
0.275391 0.129735 -0.0748496 0.997195 1
0.276296 0.319714 -0.495951 -0.868351 1
0.275275 0.321362 -0.495951 -0.868351 1
0.276326 0.339426 0.379934 0.925014 1
0.275391 0.340727 0.379934 0.925014 1
0.275391 0.403891 -0.182565 -0.983194 1
0.275391 0.413131 0.147999 0.988988 1
0.279297 0.116799 0.0938109 -0.99559 1
0.279297 0.130076 -0.10174 0.994811 1
0.279297 0.318484 -0.55132 -0.834294 1
0.279297 0.338491 0.421245 0.906947 1
0.279297 0.403245 -0.20262 -0.979257 1
0.279297 0.412584 0.163924 0.986473 1
0.282415 0.117051 0.116305 -0.993214 1
0.283203 0.117531 0.116305 -0.993214 1
0.283203 0.130497 -0.129555 0.991572 1
0.283516 0.315157 -0.605799 -0.795617 1
0.282325 0.317178 -0.58333 -0.812235 1
0.284283 0.335479 0.464907 0.885359 1
0.283203 0.337062 0.464907 0.885359 1
0.283224 0.401907 -0.220683 -0.975346 1
0.282673 0.402666 -0.220683 -0.975346 1
0.283203 0.411993 0.182669 0.983174 1
0.287109 0.118001 0.138443 -0.99037 1
0.287109 0.131001 -0.157628 0.987499 1
0.28829 0.213562 -0.856472 -0.516193 1
0.288175 0.216797 -0.999806 0.0197032 1
0.288518 0.219701 -0.867858 0.496812 1
0.287807 0.311363 -0.67106 -0.741403 1
0.286522 0.313656 -0.646004 -0.763334 1
0.287109 0.334423 0.511322 0.859389 1
0.287109 0.40113 -0.23968 -0.970852 1
0.287109 0.411344 0.204674 0.97883 1
0.291016 0.118537 0.162853 -0.98665 1
0.291016 0.13158 -0.184584 0.982817 1
0.291829 0.210394 -0.430406 -0.902635 1
0.290712 0.212366 -0.654618 -0.75596 1
0.290286 0.220796 -0.835333 0.549744 1
0.291917 0.223835 -0.746223 0.665696 1
0.291842 0.307337 -0.744426 -0.667705 1
0.290426 0.309961 -0.70805 -0.706163 1
0.291627 0.331131 0.557319 0.830298 1
0.290503 0.332996 0.556385 0.830924 1
0.291016 0.400299 -0.262334 -0.964977 1
0.291625 0.409846 0.224611 0.974448 1
0.291016 0.410633 0.224611 0.974448 1
0.294922 0.119143 0.187149 -0.982332 1
0.294922 0.13223 -0.21093 0.977501 1
0.295815 0.133041 -0.21093 0.977501 1
0.294911 0.210812 0.0646886 -0.997905 1
0.295119 0.211051 0.0646886 -0.997905 1
0.294292 0.225122 -0.736565 0.676367 1
0.295766 0.227828 -0.75195 0.65922 1
0.295619 0.303011 -0.800402 -0.599463 1
0.294104 0.306045 -0.76712 -0.641503 1
0.29611 0.327523 0.618381 0.785878 1
0.294883 0.329582 0.605747 0.795657 1
0.294922 0.399402 -0.284064 -0.958805 1
0.294922 0.409192 0.243413 0.969923 1
0.298828 0.119809 0.210542 -0.977585 1
0.298828 0.133625 -0.238249 0.971204 1
0.298828 0.21247 0.435502 -0.900188 1
0.298028 0.229057 -0.774495 0.63258 1
0.299563 0.232255 -0.826142 0.563461 1
0.300157 0.295733 -0.877458 -0.479653 1
0.298872 0.298828 -0.840816 -0.541322 1
0.297615 0.301831 -0.817274 -0.576249 1
0.298828 0.326174 0.654617 0.75596 1
0.298828 0.397663 -0.303035 -0.952979 1
0.297878 0.398756 -0.303035 -0.952979 1
0.298828 0.408346 0.265313 0.964162 1
0.302734 0.120538 0.234508 -0.972114 1
0.30348 0.121385 0.234508 -0.972114 1
0.302734 0.134473 -0.269003 0.963139 1
0.302222 0.213836 0.573321 -0.819331 1
0.303408 0.215766 0.584798 -0.811179 1
0.301412 0.233378 -0.845027 0.534724 1
0.302433 0.236328 -0.884761 0.466044 1
0.303788 0.240234 -0.920213 0.391418 1
0.304139 0.287621 -0.934553 -0.355824 1
0.303055 0.291016 -0.909206 -0.416348 1
0.30173 0.294705 -0.877458 -0.479653 1
0.302835 0.322387 0.703144 0.711048 1
0.301474 0.324861 0.679487 0.733688 1
0.302734 0.396636 -0.32533 -0.945601 1
0.302734 0.40744 0.287569 0.95776 1
0.306641 0.122046 0.260664 -0.96543 1
0.306641 0.135405 -0.302207 0.953242 1
0.306298 0.217282 0.673768 -0.738943 1
0.307646 0.21975 0.725809 -0.687896 1
0.305129 0.241149 -0.920213 0.391418 1
0.305861 0.244141 -0.945626 0.325257 1
0.306778 0.248047 -0.967361 0.253402 1
0.307539 0.251953 -0.981141 0.193296 1
0.308158 0.255859 -0.990872 0.134805 1
0.308378 0.271484 -0.994003 -0.109349 1
0.307822 0.275391 -0.985216 -0.171315 1
0.307105 0.279297 -0.972439 -0.233159 1
0.306235 0.283203 -0.955734 -0.294232 1
0.30532 0.286818 -0.934553 -0.355824 1
0.30803 0.315704 0.779728 0.626119 1
0.306695 0.318359 0.750735 0.660604 1
0.305354 0.321018 0.726995 0.686643 1
0.306641 0.395544 -0.348176 -0.937429 1
0.30673 0.405649 0.306845 0.95176 1
0.306015 0.406678 0.306845 0.95176 1
0.310547 0.122957 0.28823 -0.957561 1
0.309987 0.136225 -0.334072 0.942548 1
0.310746 0.13734 -0.334072 0.942548 1
0.309964 0.221076 0.75554 -0.655103 1
0.311452 0.224048 0.798906 -0.601456 1
0.308724 0.256856 -0.990872 0.134805 1
0.308879 0.259766 -0.9972 0.0747835 1
0.308955 0.263672 -0.999906 0.0136915 1
0.308941 0.267578 -0.998851 -0.0479288 1
0.308778 0.271205 -0.994003 -0.109349 1
0.31166 0.311248 0.830539 0.556961 1
0.310101 0.314453 0.792624 0.609711 1
0.310547 0.393499 -0.371798 -0.928314 1
0.309396 0.394853 -0.371798 -0.928314 1
0.310547 0.404641 0.327272 0.94493 1
0.314453 0.123936 0.316776 -0.9485 1
0.314453 0.138413 -0.363968 0.931411 1
0.313473 0.225232 0.807045 -0.590489 1
0.314948 0.228516 0.839339 -0.543608 1
0.315988 0.303875 0.88885 0.458198 1
0.314971 0.306641 0.86263 0.505836 1
0.313505 0.310093 0.830729 0.556677 1
0.314453 0.392251 -0.40042 -0.916332 1
0.314453 0.403544 0.350273 0.936648 1
0.317396 0.124635 0.345768 -0.93832 1
0.318359 0.125856 0.345768 -0.93832 1
0.318359 0.139634 -0.393217 0.919446 1
0.319412 0.14101 -0.393217 0.919446 1
0.317708 0.232422 0.877464 -0.479642 1
0.31915 0.236328 0.907293 -0.420498 1
0.319913 0.295816 0.935566 0.353152 1
0.318988 0.298828 0.913566 0.406691 1
0.317579 0.302734 0.88885 0.458198 1
0.318617 0.389817 -0.430428 -0.902625 1
0.317688 0.391236 -0.430428 -0.902625 1
0.318359 0.401484 0.373448 0.927651 1
0.317432 0.402756 0.373448 0.927651 1
0.322266 0.127028 0.373172 -0.927762 1
0.322266 0.141902 -0.42474 0.905316 1
0.320671 0.237507 0.907293 -0.420498 1
0.321362 0.240234 0.931908 -0.362695 1
0.322412 0.244141 0.953945 -0.299981 1
0.323324 0.248047 0.968856 -0.247624 1
0.323971 0.251228 0.980267 -0.197678 1
0.323857 0.283446 0.978382 0.206807 1
0.323098 0.287109 0.966462 0.25681 1
0.322165 0.291016 0.952504 0.304525 1
0.321116 0.294922 0.935566 0.353152 1
0.322266 0.388486 -0.461161 -0.887317 1
0.322266 0.400232 0.399279 0.916829 1
0.325922 0.128162 0.400421 -0.916331 1
0.326805 0.129483 0.400421 -0.916331 1
0.326172 0.143337 -0.458326 0.888784 1
0.327339 0.144937 -0.458326 0.888784 1
0.324707 0.251953 0.980267 -0.197678 1
0.325252 0.255859 0.989428 -0.145028 1
0.325638 0.259766 0.99577 -0.0918845 1
0.325862 0.263672 0.999159 -0.0410001 1
0.325914 0.267578 0.999959 0.00900603 1
0.3258 0.271484 0.998282 0.0585914 1
0.32552 0.275391 0.994214 0.107417 1
0.325091 0.279297 0.987664 0.156586 1
0.324577 0.282944 0.978382 0.206807 1
0.326417 0.385754 -0.491777 -0.870721 1
0.325385 0.387378 -0.491777 -0.870721 1
0.32661 0.397726 0.425083 0.905154 1
0.32569 0.399129 0.425083 0.905154 1
0.330078 0.130563 0.43042 -0.902629 1
0.330078 0.145915 -0.495656 0.868519 1
0.330078 0.384215 -0.520948 -0.853589 1
0.330078 0.396506 0.451417 0.892313 1
0.333773 0.131902 0.463281 -0.886212 1
0.334766 0.133425 0.463281 -0.886212 1
0.333645 0.147414 -0.53568 0.844421 1
0.33476 0.149185 -0.53568 0.844421 1
0.333984 0.381346 -0.55165 -0.834076 1
0.33444 0.393714 0.479303 0.87765 1
0.33343 0.395295 0.479303 0.87765 1
0.337891 0.134606 0.49781 -0.867286 1
0.337891 0.150586 -0.570971 0.82097 1
0.338448 0.3779 -0.584867 -0.811129 1
0.337277 0.379861 -0.580204 -0.814471 1
0.337891 0.392336 0.507936 0.861395 1
0.341139 0.135899 0.53493 -0.844896 1
0.342252 0.137669 0.535725 -0.844392 1
0.340665 0.151746 -0.588597 0.808427 1
0.341866 0.153775 -0.604838 0.796348 1
0.342826 0.374262 -0.624259 -0.781217 1
0.341586 0.376371 -0.618267 -0.785968 1
0.341912 0.389453 0.537762 0.843097 1
0.340811 0.391227 0.52813 0.849164 1
0.345698 0.139267 0.571775 -0.820411 1
0.346867 0.14118 0.575498 -0.817804 1
0.344937 0.155292 -0.627971 0.778237 1
0.346194 0.157471 -0.641028 0.767518 1
0.347022 0.37053 -0.663894 -0.747826 1
0.345703 0.372798 -0.650796 -0.759253 1
0.346557 0.385961 0.567319 0.823498 1
0.345406 0.387869 0.570452 0.821331 1
0.349609 0.142409 0.603936 -0.797033 1
0.349006 0.158941 -0.669158 0.743121 1
0.350338 0.161317 -0.68788 0.725824 1
0.349609 0.369185 -0.685051 -0.728495 1
0.349609 0.384523 0.60646 0.795114 1
0.352513 0.143774 0.623212 -0.782053 1
0.353766 0.145939 0.637105 -0.770777 1
0.352902 0.162715 -0.70926 0.704947 1
0.354304 0.165307 -0.729921 0.683531 1
0.35359 0.365238 -0.719973 -0.694002 1
0.352203 0.367821 -0.702903 -0.711286 1
0.353516 0.381175 0.642477 0.766305 1
0.352248 0.383362 0.625933 0.779877 1
0.356634 0.147414 0.659767 -0.751471 1
0.357948 0.149738 0.673727 -0.73898 1
0.356668 0.166628 -0.745272 0.66676 1
0.358137 0.169453 -0.767966 0.640491 1
0.358701 0.35855 -0.774238 -0.632895 1
0.35727 0.361328 -0.752284 -0.658839 1
0.35603 0.363893 -0.73661 -0.676318 1
0.357691 0.377357 0.677111 0.735881 1
0.356377 0.379713 0.663695 0.748004 1
0.360589 0.15116 0.698119 -0.715982 1
0.361972 0.153696 0.718406 -0.695624 1
0.360317 0.170706 -0.778731 0.627358 1
0.361833 0.173781 -0.796174 0.605068 1
0.362359 0.354188 -0.811483 -0.584376 1
0.360822 0.357286 -0.782188 -0.623042 1
0.361727 0.373398 0.717694 0.696359 1
0.360341 0.375942 0.698165 0.715937 1
0.3644 0.155039 0.734496 -0.678614 1
0.365848 0.1578 0.756507 -0.653986 1
0.363858 0.174989 -0.808298 0.588773 1
0.365007 0.177734 -0.821493 0.570219 1
0.366415 0.180911 -0.845377 0.53417 1
0.365861 0.349609 -0.836601 -0.547812 1
0.364309 0.352996 -0.812695 -0.58269 1
0.36561 0.369299 0.75115 0.660131 1
0.364169 0.372049 0.732258 0.681027 1
0.368089 0.159077 0.767248 -0.641351 1
0.369585 0.162062 0.783972 -0.620797 1
0.368191 0.182006 -0.845377 0.53417 1
0.369664 0.185547 -0.866803 0.498651 1
0.370662 0.188319 -0.884426 0.466681 1
0.370189 0.342133 -0.872636 -0.488372 1
0.368708 0.345703 -0.855974 -0.517018 1
0.36769 0.348464 -0.848948 -0.528476 1
0.370501 0.362499 0.796663 0.604424 1
0.369209 0.365234 0.778224 0.627986 1
0.36788 0.368007 0.763665 0.645612 1
0.371679 0.163294 0.795557 -0.605879 1
0.372855 0.166016 0.809485 -0.587141 1
0.374255 0.169098 0.834489 -0.551024 1
0.372273 0.189453 -0.884426 0.466681 1
0.373743 0.193359 -0.899599 0.436718 1
0.374629 0.196144 -0.913168 0.407583 1
0.374241 0.334332 -0.904002 -0.427529 1
0.372952 0.337891 -0.888607 -0.458669 1
0.371798 0.341101 -0.872636 -0.488372 1
0.374084 0.358034 0.825721 0.564079 1
0.372519 0.361286 0.80175 0.59766 1
0.376094 0.170222 0.833996 -0.55177 1
0.377677 0.173828 0.855559 -0.517706 1
0.376075 0.197266 -0.913168 0.407583 1
0.377345 0.201172 -0.925335 0.379151 1
0.378356 0.204592 -0.936233 0.351379 1
0.377931 0.326172 -0.930873 -0.365343 1
0.376694 0.330078 -0.918311 -0.39586 1
0.375649 0.333403 -0.904002 -0.427529 1
0.378464 0.350783 0.869696 0.493587 1
0.377424 0.353516 0.849131 0.528183 1
0.375958 0.356875 0.826393 0.563093 1
0.379403 0.174937 0.86179 -0.507266 1
0.380383 0.177734 0.874365 -0.485269 1
0.381868 0.181541 0.890928 -0.454144 1
0.379526 0.205381 -0.936233 0.351379 1
0.380494 0.208984 -0.946461 0.322817 1
0.381499 0.212891 -0.955404 0.295302 1
0.382352 0.216478 -0.962572 0.271027 1
0.382578 0.31163 -0.965454 -0.260572 1
0.381951 0.314453 -0.958366 -0.285544 1
0.380972 0.318359 -0.951078 -0.308952 1
0.379936 0.322266 -0.942087 -0.335368 1
0.37925 0.325093 -0.930873 -0.365343 1
0.381743 0.345703 0.885763 0.464137 1
0.38017 0.349609 0.868895 0.494997 1
0.383363 0.182514 0.890928 -0.454144 1
0.384336 0.185547 0.904941 -0.425537 1
0.385671 0.189453 0.917266 -0.398276 1
0.383271 0.217121 -0.962572 0.271027 1
0.38402 0.220703 -0.96922 0.246197 1
0.38479 0.224609 -0.975543 0.219809 1
0.385492 0.228516 -0.980757 0.195231 1
0.386135 0.232422 -0.984968 0.172736 1
0.386566 0.235356 -0.988171 0.153355 1
0.386413 0.295024 -0.98659 -0.163218 1
0.385818 0.298828 -0.982824 -0.184546 1
0.385143 0.302734 -0.977963 -0.208779 1
0.384401 0.306641 -0.972147 -0.234371 1
0.383594 0.310547 -0.965454 -0.260572 1
0.386384 0.335118 0.925781 0.378061 1
0.385564 0.337891 0.913975 0.40577 1
0.384202 0.341797 0.90074 0.434359 1
0.383295 0.344672 0.885856 0.463961 1
0.387085 0.190564 0.917266 -0.398276 1
0.387837 0.193359 0.927994 -0.372595 1
0.389 0.197266 0.937741 -0.347335 1
0.390027 0.200969 0.946241 -0.323463 1
0.387198 0.236328 -0.988171 0.153355 1
0.387685 0.240234 -0.991161 0.132667 1
0.388095 0.244141 -0.994052 0.108903 1
0.388438 0.248047 -0.996171 0.0874288 1
0.388718 0.251953 -0.997713 0.0675994 1
0.388936 0.255859 -0.998837 0.0482176 1
0.389087 0.259766 -0.999605 0.0281068 1
0.389164 0.263672 -0.999976 0.00687148 1
0.389145 0.267578 -0.999887 -0.0150504 1
0.389037 0.271484 -0.999317 -0.0369556 1
0.388853 0.275391 -0.998267 -0.058848 1
0.388596 0.279297 -0.996774 -0.0802572 1
0.388272 0.283203 -0.994942 -0.100446 1
0.38789 0.287109 -0.992715 -0.120484 1
0.387448 0.291016 -0.989863 -0.142023 1
0.386991 0.294617 -0.98659 -0.163218 1
0.389994 0.32628 0.946175 0.323656 1
0.388934 0.330078 0.936903 0.349588 1
0.387759 0.333984 0.925781 0.378061 1
0.391109 0.20171 0.946241 -0.323463 1
0.391929 0.205078 0.954025 -0.299727 1
0.392866 0.208984 0.961433 -0.275039 1
0.393743 0.212891 0.967911 -0.251295 1
0.394316 0.215756 0.973204 -0.229943 1
0.39428 0.311429 0.973512 0.228635 1
0.393672 0.314453 0.968214 0.250122 1
0.392801 0.318359 0.961623 0.274376 1
0.391864 0.322266 0.953937 0.300007 1
0.391076 0.325538 0.946175 0.323656 1
0.395219 0.216797 0.973204 -0.229943 1
0.395945 0.220703 0.978177 -0.207772 1
0.396602 0.224609 0.982955 -0.183845 1
0.3972 0.228516 0.98677 -0.162129 1
0.39774 0.232422 0.989866 -0.142003 1
0.398207 0.236188 0.992036 -0.125958 1
0.398217 0.291283 0.991566 0.129601 1
0.397742 0.294922 0.988525 0.151054 1
0.397166 0.298828 0.984928 0.172962 1
0.396536 0.302734 0.981422 0.191864 1
0.395862 0.306641 0.977825 0.209422 1
0.395143 0.310547 0.973512 0.228635 1
0.398658 0.236545 0.992036 -0.125958 1
0.399039 0.240234 0.993818 -0.111026 1
0.399387 0.244141 0.99579 -0.0916607 1
0.399666 0.248047 0.997453 -0.0713213 1
0.399884 0.251953 0.998612 -0.0526642 1
0.40004 0.255859 0.999393 -0.0348274 1
0.400135 0.259766 0.999842 -0.0177721 1
0.400167 0.263672 1 -0.000997411 1
0.400142 0.267578 0.999869 0.0161607 1
0.400052 0.271484 0.999427 0.0338334 1
0.399899 0.275391 0.99866 0.0517496 1
0.399684 0.279297 0.997552 0.0699241 1
0.39941 0.283203 0.996034 0.0889709 1
0.399074 0.287109 0.99401 0.109293 1
0.398684 0.29095 0.991566 0.129601 1
