x y n.x n.y
0.136627 0.202342 -0.993172 -0.116657 1
0.136465 0.204102 -0.994827 -0.101588 1
0.136304 0.206055 -0.996247 -0.086557 1
0.136166 0.208008 -0.997415 -0.0718619 1
0.136052 0.209961 -0.998354 -0.0573497 1
0.135962 0.211914 -0.999087 -0.0427205 1
0.135898 0.213867 -0.999608 -0.0279958 1
0.13586 0.21582 -0.999912 -0.0132881 1
0.13585 0.217773 -0.999999 0.0015015 1
0.135866 0.219727 -0.999866 0.0163441 1
0.135909 0.22168 -0.999519 0.0310281 1
0.135978 0.223633 -0.998963 0.0455257 1
0.136073 0.225586 -0.998201 0.0599604 1
0.136191 0.227539 -0.997217 0.0745491 1
0.136333 0.229492 -0.99598 0.0895762 1
0.1365 0.231445 -0.994503 0.104712 1
0.136645 0.233032 -0.9928 0.11978 1
0.138489 0.190538 -0.978476 -0.206359 1
0.138183 0.192383 -0.981617 -0.190859 1
0.137874 0.194336 -0.984466 -0.175575 1
0.137586 0.196289 -0.987016 -0.160621 1
0.137318 0.198242 -0.989293 -0.145945 1
0.13707 0.200195 -0.991329 -0.131405 1
0.136843 0.202148 -0.993172 -0.116657 1
0.136886 0.233398 -0.9928 0.11978 1
0.137119 0.235352 -0.990857 0.134916 1
0.137372 0.237305 -0.988658 0.150188 1
0.137647 0.239258 -0.986148 0.165868 1
0.137943 0.241211 -0.983291 0.182039 1
0.138262 0.243164 -0.980203 0.197997 1
0.13853 0.244789 -0.976749 0.214387 1
0.140376 0.182707 -0.96292 -0.269789 1
0.139975 0.18457 -0.967283 -0.253701 1
0.139569 0.186523 -0.97132 -0.237777 1
0.139182 0.188477 -0.97502 -0.222117 1
0.138847 0.190284 -0.978476 -0.206359 1
0.138913 0.245117 -0.976749 0.214387 1
0.139293 0.24707 -0.972836 0.231494 1
0.139693 0.249023 -0.968694 0.24826 1
0.140115 0.250977 -0.964598 0.263723 1
0.140448 0.252559 -0.959947 0.280181 1
0.142214 0.176758 -0.948333 -0.317277 1
0.141713 0.178711 -0.9535 -0.301393 1
0.141231 0.180664 -0.958344 -0.285617 1
0.140834 0.182388 -0.96292 -0.269789 1
0.140931 0.25293 -0.959947 0.280181 1
0.14141 0.254883 -0.954152 0.299322 1
0.141913 0.256836 -0.948206 0.317657 1
0.142335 0.258497 -0.942318 0.33472 1
0.14422 0.171089 -0.929607 -0.368554 1
0.143716 0.172852 -0.936134 -0.351644 1
0.143158 0.174805 -0.942442 -0.33437 1
0.142764 0.176336 -0.948333 -0.317277 1
0.142893 0.258879 -0.942318 0.33472 1
0.143422 0.260742 -0.93555 0.353195 1
0.144008 0.262695 -0.928155 0.372195 1
0.145993 0.166992 -0.915472 -0.402381 1
0.145357 0.168945 -0.922733 -0.385439 1
0.144831 0.170677 -0.929607 -0.368554 1
0.144691 0.263274 -0.928155 0.372195 1
0.145082 0.264648 -0.920727 0.390206 1
0.145729 0.266602 -0.912193 0.409761 1
0.146212 0.268149 -0.902641 0.430394 1
0.148244 0.161731 -0.890558 -0.454869 1
0.14783 0.163086 -0.899206 -0.437525 1
0.147134 0.165039 -0.907528 -0.419993 1
0.146688 0.16648 -0.915472 -0.402381 1
0.146922 0.268613 -0.902641 0.430394 1
0.147611 0.270508 -0.892561 0.450927 1
0.148138 0.272045 -0.88202 0.471212 1
0.149812 0.15918 -0.880669 -0.473731 1
0.149053 0.161133 -0.890221 -0.455529 1
0.148915 0.272544 -0.88202 0.471212 1
0.14966 0.274414 -0.870368 0.492403 1
0.150151 0.275801 -0.86302 0.505171 1
0.151854 0.155426 -0.859839 -0.510565 1
0.151119 0.157227 -0.870956 -0.491361 1
0.150619 0.158629 -0.880674 -0.473723 1
0.151018 0.276367 -0.857565 0.514375 1
0.151807 0.278188 -0.843919 0.53647 1
0.153953 0.151809 -0.84092 -0.54116 1
0.153341 0.15332 -0.848457 -0.529264 1
0.152697 0.154891 -0.859839 -0.510565 1
0.152699 0.278737 -0.844243 0.535961 1
0.153357 0.280273 -0.828837 0.559491 1
0.15397 0.281722 -0.822493 0.568775 1
0.155652 0.14952 -0.824568 -0.565762 1
0.154858 0.151251 -0.837316 -0.54672 1
0.15494 0.282306 -0.812644 0.582761 1
0.155712 0.283916 -0.798142 0.602469 1
0.157882 0.146049 -0.805015 -0.593254 1
0.157261 0.147461 -0.811013 -0.585028 1
0.156591 0.148943 -0.82902 -0.559218 1
0.156733 0.284517 -0.797751 0.602987 1
0.157488 0.286036 -0.776026 0.630701 1
0.159661 0.14389 -0.79136 -0.611351 1
0.158896 0.145447 -0.79754 -0.603266 1
0.158571 0.286664 -0.771366 0.636392 1
0.159299 0.288086 -0.754658 0.656118 1
0.16146 0.141794 -0.770058 -0.637974 1
0.160709 0.143278 -0.78499 -0.619508 1
0.160441 0.288744 -0.745504 0.666501 1
0.161112 0.290039 -0.731748 0.681576 1
0.161795 0.291341 -0.71936 0.694638 1
0.163289 0.139742 -0.751873 -0.659308 1
0.162554 0.141155 -0.766577 -0.642152 1
0.163051 0.292028 -0.70651 0.707703 1
0.163737 0.293283 -0.69374 0.720226 1
0.16515 0.137735 -0.73422 -0.678911 1
0.164432 0.139085 -0.745796 -0.666174 1
0.165039 0.293962 -0.679655 0.733532 1
0.167044 0.135769 -0.716379 -0.697712 1
0.166341 0.137063 -0.726366 -0.687309 1
0.166337 0.294637 -0.663529 0.748151 1
0.166992 0.295766 -0.651824 0.758371 1
0.168973 0.133839 -0.698548 -0.715563 1
0.168285 0.135082 -0.707321 -0.706893 1
0.168426 0.296505 -0.628891 0.777493 1
0.169056 0.297566 -0.623607 0.781738 1
0.170938 0.131941 -0.680796 -0.732473 1
0.170265 0.133138 -0.688624 -0.725119 1
0.170598 0.298328 -0.594779 0.803889 1
0.171196 0.299326 -0.590997 0.806674 1
0.17294 0.130075 -0.662342 -0.749202 1
0.172284 0.131227 -0.668818 -0.743426 1
0.172852 0.300105 -0.567068 0.823671 1
0.173426 0.301047 -0.551303 0.834305 1
0.174984 0.128238 -0.642363 -0.7664 1
0.174346 0.129346 -0.647082 -0.76242 1
0.175725 0.208419 0.995093 0.0989442 1
0.175626 0.209961 0.997104 0.0760529 1
0.175522 0.211914 0.99858 0.0532648 1
0.175458 0.213867 0.999546 0.0301375 1
0.175437 0.21582 0.999977 0.00680564 1
0.175441 0.217773 0.999867 -0.016293 1
0.175479 0.219727 0.999222 -0.0394439 1
0.175559 0.22168 0.99802 -0.0629005 1
0.175679 0.223633 0.996259 -0.0864205 1
0.174805 0.301584 -0.538237 0.842794 1
0.17707 0.126431 -0.617761 -0.786366 1
0.176456 0.12749 -0.623 -0.782222 1
0.177581 0.196638 0.971521 0.236954 1
0.177301 0.198242 0.976894 0.213725 1
0.176966 0.200195 0.981611 0.190892 1
0.17666 0.202148 0.98581 0.167866 1
0.176386 0.204102 0.989477 0.144687 1
0.176144 0.206055 0.99256 0.121757 1
0.175935 0.208008 0.995093 0.0989442 1
0.175847 0.223852 0.996259 -0.0864205 1
0.176021 0.225586 0.993928 -0.110033 1
0.176247 0.227539 0.99101 -0.133786 1
0.176508 0.229492 0.987484 -0.157722 1
0.176801 0.231445 0.983258 -0.182216 1
0.177127 0.233398 0.978325 -0.207078 1
0.177486 0.235352 0.972926 -0.231117 1
0.176503 0.302309 -0.507662 0.861556 1
0.177035 0.303147 -0.507662 0.861556 1
0.179213 0.124645 -0.599384 -0.800461 1
0.178606 0.12567 -0.609335 -0.792913 1
0.179346 0.19043 0.951919 0.306349 1
0.17887 0.192383 0.959144 0.282919 1
0.178423 0.194336 0.965597 0.260044 1
0.178004 0.196289 0.971521 0.236954 1
0.177892 0.235666 0.972926 -0.231117 1
0.17823 0.237305 0.967018 -0.254708 1
0.178673 0.239258 0.960085 -0.279708 1
0.179148 0.241211 0.952057 -0.305919 1
0.179502 0.242719 0.943838 -0.330408 1
0.178711 0.303791 -0.477093 0.878853 1
0.180664 0.123984 -0.591941 -0.805981 1
0.181329 0.18478 0.926313 0.376756 1
0.180828 0.186523 0.935515 0.353287 1
0.180273 0.188477 0.943954 0.330078 1
0.179874 0.190033 0.951919 0.306349 1
0.180079 0.243164 0.943838 -0.330408 1
0.180637 0.245117 0.934721 -0.355383 1
0.181229 0.24707 0.924169 -0.381983 1
0.180312 0.304376 -0.446316 0.894875 1
0.180792 0.305111 -0.446316 0.894875 1
0.182663 0.122393 -0.574591 -0.81844 1
0.182082 0.123355 -0.572091 -0.82019 1
0.183152 0.180693 0.906185 0.422882 1
0.182501 0.182617 0.916497 0.400042 1
0.181953 0.184361 0.926313 0.376756 1
0.181868 0.247496 0.924169 -0.381983 1
0.182334 0.249023 0.91355 -0.406726 1
0.183011 0.250977 0.901139 -0.433531 1
0.182617 0.305742 -0.414858 0.909886 1
0.184924 0.120678 -0.555496 -0.831519 1
0.184356 0.121606 -0.557808 -0.82997 1
0.185065 0.176827 0.883303 0.468802 1
0.184359 0.178711 0.895292 0.445479 1
0.183849 0.180234 0.906185 0.422882 1
0.183787 0.251552 0.901139 -0.433531 1
0.184238 0.25293 0.888115 -0.459622 1
0.185005 0.254882 0.874245 -0.485485 1
0.184379 0.306315 -0.382755 0.92385 1
0.184804 0.306949 -0.382755 0.92385 1
0.186523 0.119989 -0.541853 -0.840473 1
0.187074 0.173121 0.856489 0.516166 1
0.186404 0.174805 0.87033 0.492469 1
0.185837 0.176328 0.883303 0.468802 1
0.185811 0.255384 0.874245 -0.485485 1
0.186354 0.256836 0.858922 -0.512107 1
0.187051 0.258519 0.843849 -0.53658 1
0.186523 0.307437 -0.349715 0.936856 1
0.188493 0.118548 -0.525526 -0.850777 1
0.187952 0.119417 -0.521656 -0.853156 1
0.189189 0.169519 0.836141 0.548515 1
0.188649 0.170898 0.84166 0.540008 1
0.187926 0.172582 0.856489 0.516166 1
0.187944 0.259067 0.843849 -0.53658 1
0.188692 0.260742 0.826154 -0.563445 1
0.189214 0.262057 0.816708 -0.577051 1
0.188477 0.30798 -0.316833 0.948481 1
0.190904 0.116892 -0.507106 -0.861883 1
0.190374 0.117732 -0.509102 -0.860706 1
0.190905 0.167273 0.811795 0.583942 1
0.190125 0.168945 0.826512 0.562919 1
0.190235 0.262695 0.807382 -0.590029 1
0.190971 0.264248 0.79818 -0.602418 1
0.190131 0.308394 -0.28266 0.95922 1
0.190464 0.308872 -0.28266 0.95922 1
0.192383 0.116347 -0.493125 -0.869958 1
0.192656 0.1651 0.79286 0.609404 1
0.191886 0.16668 0.810739 0.585408 1
0.192008 0.264854 0.78868 -0.614804 1
0.19276 0.266358 0.774276 -0.632848 1
0.192383 0.309288 -0.247866 0.968794 1
0.194642 0.114869 -0.478046 -0.878335 1
0.194136 0.115657 -0.478046 -0.878335 1
0.195002 0.161742 0.764577 0.644532 1
0.194366 0.163086 0.774788 0.632221 1
0.193686 0.164483 0.789877 0.613266 1
0.193854 0.266985 0.768321 -0.640065 1
0.194585 0.268405 0.75082 -0.660507 1
0.194336 0.309671 -0.212553 0.97715 1
0.196289 0.114267 -0.463593 -0.886048 1
0.196854 0.159698 0.743984 0.668198 1
0.196128 0.161098 0.755887 0.654702 1
0.195741 0.269057 0.742218 -0.670158 1
0.196452 0.270397 0.729088 -0.68442 1
0.196289 0.310007 -0.17595 0.984399 1
0.198473 0.112906 -0.449395 -0.893333 1
0.197993 0.113647 -0.449395 -0.893333 1
0.198743 0.157706 0.722624 0.691242 1
0.198032 0.159037 0.736266 0.676692 1
0.197665 0.271072 0.718242 -0.695793 1
0.198359 0.272343 0.706544 -0.707669 1
0.198242 0.310295 -0.137843 0.990454 1
0.200195 0.112305 -0.434483 -0.90068 1
0.200672 0.15576 0.700129 0.714016 1
0.199982 0.157025 0.712342 0.701832 1
0.199632 0.273037 0.695188 -0.718828 1
0.200308 0.274249 0.68469 -0.728834 1
0.199789 0.31049 -0.0983353 0.995153 1
0.200195 0.310698 -0.0983353 0.995153 1
0.202423 0.111004 -0.419553 -0.907731 1
0.201966 0.111695 -0.419553 -0.907731 1
0.202646 0.153855 0.678142 0.734931 1
0.201979 0.155056 0.684999 0.728544 1
0.201643 0.274962 0.673073 -0.739576 1
0.202302 0.276123 0.665024 -0.746822 1
0.202148 0.310814 -0.0574344 0.998349 1
0.204102 0.110464 -0.406066 -0.913844 1
0.204667 0.151986 0.656285 0.754513 1
0.204014 0.153136 0.665408 0.74648 1
0.203697 0.276853 0.651368 -0.758762 1
0.204338 0.277968 0.644907 -0.764261 1
0.204102 0.310855 -0.0141719 0.9999 1
0.206516 0.109154 -0.39346 -0.919342 1
0.206055 0.109816 -0.39346 -0.919342 1
0.206055 0.15129 0.644713 0.764425 1
0.205792 0.278713 0.633381 -0.77384 1
0.206416 0.279794 0.628667 -0.777675 1
0.206055 0.31085 0.0319026 0.999491 1
0.208008 0.108727 -0.381362 -0.924426 1
0.208008 0.149586 0.623606 0.781739 1
0.207366 0.150663 0.630614 0.776096 1
0.207912 0.280545 0.624977 -0.780643 1
0.208532 0.281606 0.618526 -0.785764 1
0.208008 0.310778 0.080542 0.996751 1
0.209961 0.10812 -0.367455 -0.930041 1
0.210123 0.147823 0.602228 0.798324 1
0.209522 0.148841 0.600628 0.799528 1
0.209961 0.282283 0.617364 -0.786678 1
0.209961 0.31041 0.132931 0.991125 1
0.209764 0.310651 0.132931 0.991125 1
0.211971 0.107075 -0.353073 -0.935596 1
0.211575 0.107662 -0.353073 -0.935596 1
0.212315 0.146082 0.572367 0.819998 1
0.211731 0.147052 0.581834 0.813308 1
0.211318 0.282908 0.612795 -0.790242 1
0.211938 0.283948 0.615767 -0.787929 1
0.211914 0.310105 0.190956 0.981599 1
0.213867 0.106537 -0.339393 -0.940645 1
0.213867 0.145393 0.562016 0.827126 1
0.21347 0.284708 0.611637 -0.791138 1
0.214086 0.285753 0.618981 -0.785406 1
0.213867 0.30972 0.255306 0.96686 1
0.21582 0.105997 -0.326985 -0.945029 1
0.215832 0.143908 0.542756 0.839891 1
0.21528 0.144808 0.535643 0.844444 1
0.215595 0.286503 0.627877 -0.778313 1
0.216219 0.287579 0.630652 -0.776066 1
0.21582 0.309252 0.326172 0.945311 1
0.217773 0.10506 -0.318529 -0.947913 1
0.217288 0.105634 -0.318529 -0.947913 1
0.218188 0.142234 0.522562 0.852601 1
0.217647 0.143101 0.524138 0.851633 1
0.217662 0.288312 0.655526 -0.755172 1
0.218315 0.289452 0.666774 -0.74526 1
0.217835 0.308189 0.404999 0.914317 1
0.217389 0.308856 0.404999 0.914317 1
0.219727 0.104548 -0.308643 -0.951178 1
0.219727 0.141637 0.505545 0.8628 1
0.219641 0.290156 0.694202 -0.71978 1
0.220333 0.291399 0.719376 -0.694621 1
0.219727 0.307484 0.508608 0.860998 1
0.22168 0.104054 -0.294927 -0.95552 1
0.221875 0.14019 0.486604 0.873623 1
0.221365 0.140994 0.486604 0.873623 1
0.221508 0.292064 0.747199 -0.6646 1
0.222271 0.2935 0.8099 -0.586568 1
0.221791 0.305881 0.659485 0.751717 1
0.221155 0.306966 0.584175 0.811628 1
0.223633 0.103198 -0.281947 -0.95943 1
0.22325 0.10369 -0.281947 -0.95943 1
0.223633 0.13952 0.468146 0.883651 1
0.22324 0.2941 0.81536 -0.578954 1
0.224008 0.295898 0.895354 -0.445355 1
0.224417 0.302135 0.951976 0.306172 1
0.22379 0.303711 0.831224 0.555938 1
0.223116 0.305193 0.739921 0.672694 1
0.225586 0.102748 -0.269095 -0.963114 1
0.225674 0.138223 0.450559 0.892747 1
0.225194 0.138967 0.450559 0.892747 1
0.224795 0.29649 0.900683 -0.434476 1
0.225002 0.297852 0.97042 -0.241424 1
0.225119 0.299805 0.999708 0.0241729 1
0.224952 0.301758 0.951976 0.306172 1
0.227539 0.102316 -0.257261 -0.966342 1
0.227539 0.137551 0.433284 0.901258 1
0.229953 0.10143 -0.249317 -0.968422 1
0.229492 0.101896 -0.249317 -0.968422 1
0.22961 0.136326 0.41612 0.90931 1
0.229158 0.137013 0.41612 0.90931 1
0.231445 0.101141 -0.243697 -0.969851 1
0.231445 0.135722 0.399359 0.916795 1
0.233398 0.100743 -0.233202 -0.972428 1
0.233721 0.134494 0.383523 0.923531 1
0.233297 0.135129 0.383523 0.923531 1
0.235352 0.100366 -0.217251 -0.976116 1
0.235352 0.134023 0.367668 0.929957 1
0.237305 0.10001 -0.202685 -0.979244 1
0.237305 0.133441 0.35019 0.936679 1
0.239258 0.0993838 -0.195455 -0.980713 1
0.238925 0.0997376 -0.195455 -0.980713 1
0.239258 0.13246 0.335607 0.942002 1
0.238868 0.133021 0.335607 0.942002 1
0.241211 0.099054 -0.191512 -0.98149 1
0.241211 0.131926 0.322619 0.946529 1
0.243164 0.0987354 -0.182813 -0.983148 1
0.243164 0.131411 0.305929 0.952054 1
0.245117 0.0984321 -0.172486 -0.985012 1
0.245117 0.130534 0.290391 0.956908 1
0.244727 0.131037 0.290391 0.956908 1
0.24707 0.0981414 -0.161686 -0.986842 1
0.24707 0.130071 0.277496 0.960727 1
0.24944 0.097572 -0.148711 -0.988881 1
0.249023 0.0978652 -0.148711 -0.988881 1
0.249023 0.129625 0.2629 0.964823 1
0.250977 0.0973888 -0.139635 -0.990203 1
0.251365 0.128756 0.246802 0.969066 1
0.250977 0.129198 0.246802 0.969066 1
0.25293 0.0971509 -0.133543 -0.991043 1
0.25293 0.128462 0.233258 0.972415 1
0.254883 0.0969258 -0.12487 -0.992173 1
0.254883 0.128084 0.22129 0.975208 1
0.256836 0.0967142 -0.115709 -0.993283 1
0.256836 0.127723 0.208276 0.97807 1
0.258789 0.096516 -0.106779 -0.994283 1
0.258789 0.127379 0.194475 0.980908 1
0.260742 0.096331 -0.0979778 -0.995189 1
0.260758 0.126777 0.18026 0.983619 1
0.260525 0.127092 0.18026 0.983619 1
0.262695 0.0961594 -0.0893669 -0.995999 1
0.262695 0.126488 0.16749 0.985874 1
0.264648 0.0960008 -0.0809841 -0.996715 1
0.264648 0.126213 0.15514 0.987892 1
0.266602 0.095855 -0.0722511 -0.997386 1
0.266602 0.125956 0.142403 0.989809 1
0.268555 0.0956109 -0.0633815 -0.997989 1
0.268223 0.0957441 -0.0633815 -0.997989 1
0.268555 0.125716 0.129982 0.991516 1
0.270508 0.0955077 -0.0549567 -0.998489 1
0.270508 0.125494 0.117611 0.99306 1
0.272461 0.0954185 -0.0466296 -0.998912 1
0.272461 0.125291 0.105168 0.994454 1
0.274414 0.0953439 -0.0382698 -0.999267 1
0.274618 0.124928 0.0924091 0.995721 1
0.274414 0.125105 0.0924091 0.995721 1
0.276367 0.095284 -0.0299358 -0.999552 1
0.276367 0.1248 0.0800209 0.996793 1
0.27832 0.0952392 -0.0215077 -0.999769 1
0.27832 0.124672 0.0682457 0.997669 1
0.280273 0.0952101 -0.0131261 -0.999914 1
0.280273 0.124563 0.0562693 0.998416 1
0.282227 0.0951965 -0.00500175 -0.999987 1
0.282227 0.124475 0.0440971 0.999027 1
0.28418 0.0951954 0.00307063 -0.999995 1
0.28418 0.124408 0.0316708 0.999498 1
0.286133 0.0952054 0.0113856 -0.999935 1
0.286133 0.124364 0.0192434 0.999815 1
0.288086 0.0952314 0.0199087 -0.999802 1
0.288086 0.124343 0.00722057 0.999974 1
0.290039 0.0952733 0.0285287 -0.999593 1
0.290039 0.124341 -0.004378 0.99999 1
0.291992 0.0953309 0.0370605 -0.999313 1
0.291992 0.124357 -0.0158855 0.999874 1
0.293945 0.0954034 0.0454467 -0.998967 1
0.293945 0.124394 -0.0278049 0.999613 1
0.295898 0.0954904 0.0540224 -0.99854 1
0.295898 0.124454 -0.040038 0.999198 1
0.297852 0.0955923 0.062646 -0.998036 1
0.298332 0.0957343 0.062646 -0.998036 1
0.297852 0.124535 -0.0522023 0.998637 1
0.299805 0.0958338 0.0711982 -0.997462 1
0.299805 0.124637 -0.0642684 0.997933 1
0.301758 0.0959775 0.0799188 -0.996801 1
0.301758 0.124759 -0.0762146 0.997091 1
0.303711 0.0961351 0.0887876 -0.996051 1
0.303711 0.124899 -0.0883555 0.996089 1
0.303907 0.125069 -0.0883555 0.996089 1
0.305664 0.0963065 0.0977296 -0.995213 1
0.305664 0.12523 -0.100616 0.994925 1
0.307617 0.0964916 0.106971 -0.994262 1
0.307617 0.125427 -0.11256 0.993645 1
0.30957 0.0966909 0.11594 -0.993256 1
0.30957 0.125641 -0.125067 0.992148 1
0.311523 0.0969024 0.124671 -0.992198 1
0.311523 0.125874 -0.13774 0.990468 1
0.313477 0.0971271 0.133921 -0.990992 1
0.313477 0.126124 -0.15024 0.98865 1
0.31543 0.0973651 0.143428 -0.989661 1
0.31543 0.126392 -0.16329 0.986578 1
0.317023 0.0975609 0.152916 -0.988239 1
0.317383 0.0978584 0.152916 -0.988239 1
0.317383 0.126678 -0.176322 0.984333 1
0.317883 0.127038 -0.176322 0.984333 1
0.319336 0.0981351 0.162529 -0.986704 1
0.319336 0.127267 -0.189065 0.981965 1
0.321289 0.0984252 0.172594 -0.984993 1
0.321289 0.127603 -0.202088 0.979367 1
0.323242 0.0987293 0.182606 -0.983186 1
0.323242 0.127955 -0.215116 0.976588 1
0.325195 0.0990462 0.192544 -0.981288 1
0.325195 0.128324 -0.228338 0.973582 1
0.327148 0.0993766 0.202423 -0.979298 1
0.327473 0.0997441 0.202423 -0.979298 1
0.327053 0.128687 -0.241724 0.970345 1
0.327343 0.129101 -0.241724 0.970345 1
0.329102 0.100031 0.212431 -0.977176 1
0.329102 0.129469 -0.255346 0.96685 1
0.331055 0.100398 0.223283 -0.974754 1
0.331055 0.129903 -0.26913 0.963104 1
0.333008 0.10078 0.234096 -0.972214 1
0.333008 0.130354 -0.282735 0.959198 1
0.334961 0.101175 0.244941 -0.969538 1
0.334532 0.130689 -0.297321 0.954778 1
0.334961 0.131216 -0.297321 0.954778 1
0.336384 0.101444 0.256291 -0.9666 1
0.336914 0.101941 0.256291 -0.9666 1
0.336914 0.131716 -0.311816 0.950143 1
0.338867 0.102375 0.267649 -0.963516 1
0.338867 0.132234 -0.325797 0.94544 1
0.34082 0.102824 0.279549 -0.960131 1
0.340393 0.132614 -0.340821 0.940128 1
0.34082 0.133197 -0.340821 0.940128 1
0.342658 0.103254 0.291069 -0.956702 1
0.342998 0.103745 0.291069 -0.956702 1
0.342773 0.133765 -0.355746 0.934583 1
0.344727 0.104165 0.302941 -0.953009 1
0.344727 0.13435 -0.370247 0.928933 1
0.345173 0.134977 -0.370247 0.928933 1
0.34668 0.104669 0.315628 -0.948883 1
0.34668 0.135415 -0.385977 0.922508 1
0.348546 0.10516 0.32769 -0.944785 1
0.348921 0.105708 0.32769 -0.944785 1
0.348633 0.136053 -0.401835 0.915712 1
0.350586 0.106153 0.340484 -0.94025 1
0.350105 0.136491 -0.417277 0.908779 1
0.350586 0.137193 -0.417277 0.908779 1
0.352539 0.106716 0.353772 -0.935332 1
0.352539 0.137883 -0.432808 0.901486 1
0.354163 0.107166 0.366963 -0.930235 1
0.354573 0.107775 0.366963 -0.930235 1
0.354079 0.138388 -0.449294 0.893384 1
0.354561 0.139128 -0.449294 0.893384 1
0.356445 0.10835 0.380401 -0.924822 1
0.356445 0.139842 -0.465708 0.884939 1
0.358377 0.108966 0.394043 -0.919092 1
0.358811 0.109617 0.394043 -0.919092 1
0.35792 0.140351 -0.481603 0.876389 1
0.358429 0.141145 -0.481743 0.876313 1
0.360352 0.110093 0.408179 -0.912902 1
0.360352 0.141936 -0.498747 0.866748 1
0.360942 0.142798 -0.49559 0.868557 1
0.362305 0.110766 0.42245 -0.906386 1
0.362878 0.111516 0.42245 -0.906386 1
0.362305 0.143302 -0.51493 0.857232 1
0.364258 0.11195 0.437136 -0.899395 1
0.364056 0.144045 -0.531735 0.846911 1
0.364608 0.144925 -0.531735 0.846911 1
0.366211 0.112674 0.452196 -0.891919 1
0.366806 0.113475 0.452196 -0.891919 1
0.366211 0.145618 -0.549337 0.835601 1
0.368164 0.113927 0.467593 -0.883944 1
0.367626 0.146193 -0.55336 0.832943 1
0.368197 0.147132 -0.566123 0.824321 1
0.370108 0.114701 0.482855 -0.875701 1
0.370618 0.115497 0.482855 -0.875701 1
0.369869 0.147916 -0.582611 0.812751 1
0.37046 0.14889 -0.581523 0.81353 1
0.37207 0.116031 0.497818 -0.867282 1
0.372059 0.149665 -0.600835 0.799373 1
0.372668 0.150678 -0.603749 0.797174 1
0.373802 0.116734 0.514949 -0.857221 1
0.37434 0.117584 0.514949 -0.857221 1
0.374023 0.151304 -0.618097 0.786102 1
0.375977 0.118271 0.531735 -0.846911 1
0.375446 0.151985 -0.627039 0.778988 1
0.376075 0.153066 -0.63514 0.772397 1
0.377421 0.118844 0.536002 -0.844217 1
0.377977 0.119747 0.546478 -0.837473 1
0.377532 0.153809 -0.644649 0.764478 1
0.37817 0.154925 -0.649303 0.76053 1
0.379717 0.120541 0.563448 -0.826152 1
0.380294 0.121477 0.560796 -0.827954 1
0.379574 0.15566 -0.662409 0.749142 1
0.38023 0.156819 -0.670528 0.741884 1
0.381836 0.122182 0.581661 -0.813431 1
0.381575 0.157537 -0.681377 0.731932 1
0.382247 0.158744 -0.691305 0.722563 1
0.383201 0.122764 0.588884 -0.808218 1
0.3838 0.123767 0.598007 -0.801491 1
0.383537 0.159445 -0.7007 0.713456 1
0.384226 0.160701 -0.710239 0.703961 1
0.385378 0.124536 0.603709 -0.797205 1
0.385985 0.12557 0.613591 -0.789624 1
0.385466 0.161384 -0.719325 0.694673 1
0.386171 0.162692 -0.728323 0.685234 1
0.387494 0.126325 0.629563 -0.77695 1
0.388126 0.127398 0.631598 -0.775296 1
0.387366 0.163358 -0.736797 0.676114 1
0.388086 0.16472 -0.746677 0.665187 1
0.389568 0.128141 0.649435 -0.760417 1
0.390217 0.12926 0.654977 -0.755649 1
0.389237 0.165369 -0.752572 0.65851 1
0.389972 0.166784 -0.761759 0.647861 1
0.3916 0.129986 0.667014 -0.745045 1
0.392262 0.131148 0.674722 -0.738072 1
0.391083 0.167421 -0.766977 0.641675 1
0.391827 0.168887 -0.774279 0.632845 1
0.393555 0.131825 0.684456 -0.729054 1
0.392904 0.169515 -0.780724 0.624876 1
0.39355 0.170898 -0.787166 0.616741 1
0.394207 0.172306 -0.798795 0.601604 1
0.39485 0.132505 0.693444 -0.72051 1
0.395533 0.13375 0.702075 -0.712103 1
0.395222 0.172909 -0.799263 0.600982 1
0.395994 0.174508 -0.811019 0.58502 1
0.396805 0.134442 0.711103 -0.703088 1
0.397502 0.135735 0.719791 -0.694191 1
0.396974 0.175099 -0.81227 0.583282 1
0.397754 0.176758 -0.821399 0.570354 1
0.398726 0.136413 0.727881 -0.685703 1
0.399381 0.137695 0.735956 -0.677029 1
0.400075 0.139024 0.745411 -0.666605 1
0.398704 0.177339 -0.829161 0.55901 1
0.399258 0.178711 -0.831553 0.555445 1
0.399973 0.180337 -0.841083 0.540906 1
0.401221 0.13968 0.750909 -0.660406 1
0.401951 0.141087 0.762277 -0.64725 1
0.400871 0.180893 -0.841083 0.540906 1
0.401616 0.182617 -0.850433 0.526083 1
0.402124 0.183969 -0.862906 0.505365 1
0.403059 0.141727 0.76572 -0.643174 1
0.403804 0.143195 0.781545 -0.623848 1
0.403009 0.18457 -0.859057 0.511881 1
0.403791 0.186428 -0.86707 0.498186 1
0.404867 0.143814 0.783027 -0.621988 1
0.405626 0.145342 0.792357 -0.610058 1
0.404612 0.186951 -0.867111 0.498115 1
0.405174 0.188477 -0.874661 0.484735 1
0.405844 0.190212 -0.881684 0.471841 1
0.406651 0.145949 0.800265 -0.599647 1
0.407362 0.147461 0.805348 -0.592802 1
0.407942 0.148807 0.817081 -0.576522 1
0.406621 0.190714 -0.881684 0.471841 1
0.407228 0.192383 -0.888477 0.458922 1
0.407842 0.194083 -0.894574 0.44692 1
0.408923 0.149414 0.816964 -0.576688 1
0.409694 0.151072 0.827124 -0.56202 1
0.408577 0.194564 -0.894574 0.44692 1
0.40918 0.196289 -0.900473 0.434912 1
0.40979 0.198052 -0.906357 0.422514 1
0.410631 0.151645 0.827307 -0.56175 1
0.41138 0.15332 0.836905 -0.547348 1
0.410485 0.198513 -0.906357 0.422514 1
0.411033 0.200195 -0.911809 0.410615 1
0.411688 0.202142 -0.91711 0.398634 1
0.41233 0.153948 0.845112 -0.534589 1
0.412826 0.155273 0.846612 -0.532211 1
0.413588 0.157037 0.856234 -0.516589 1
0.412344 0.202584 -0.91711 0.398634 1
0.412791 0.204102 -0.92137 0.388687 1
0.413414 0.206055 -0.925934 0.377685 1
0.413848 0.207577 -0.930368 0.366628 1
0.414442 0.157575 0.856234 -0.516589 1
0.415072 0.15918 0.865676 -0.500605 1
0.415679 0.160761 0.873806 -0.486275 1
0.414463 0.208008 -0.930368 0.366628 1
0.41505 0.209961 -0.934518 0.355917 1
0.415617 0.211914 -0.938755 0.344585 1
0.416481 0.161274 0.873806 -0.486275 1
0.417189 0.163086 0.880753 -0.473576 1
0.417707 0.164564 0.88673 -0.462289 1
0.416209 0.212364 -0.938755 0.344585 1
0.416597 0.213867 -0.941036 0.338307 1
0.417143 0.21582 -0.944339 0.328974 1
0.417656 0.217734 -0.948719 0.316121 1
0.418469 0.165056 0.88673 -0.462289 1
0.419205 0.166992 0.893004 -0.450048 1
0.419688 0.168451 0.899879 -0.43614 1
0.418184 0.218104 -0.948719 0.316121 1
0.418581 0.219727 -0.951437 0.307845 1
0.419078 0.22168 -0.954119 0.299426 1
0.41956 0.223633 -0.956605 0.291387 1
0.42042 0.168945 0.899879 -0.43614 1
0.421116 0.170898 0.907104 -0.420907 1
0.421614 0.172461 0.913478 -0.406888 1
0.420083 0.224082 -0.956605 0.291387 1
0.420418 0.225586 -0.958116 0.286379 1
0.420883 0.227539 -0.961598 0.274462 1
0.421321 0.229492 -0.966196 0.25781 1
0.42168 0.23121 -0.966913 0.255105 1
0.422285 0.172907 0.913478 -0.406888 1
0.42291 0.174805 0.918637 -0.395103 1
0.423481 0.176613 0.922721 -0.385468 1
0.42211 0.231532 -0.966913 0.255105 1
0.422521 0.233398 -0.965747 0.259486 1
0.42295 0.235352 -0.968465 0.24915 1
0.423351 0.237305 -0.973802 0.227397 1
0.423667 0.239001 -0.975886 0.218282 1
0.424117 0.177043 0.922721 -0.385468 1
0.424617 0.178711 0.925759 -0.378115 1
0.425223 0.180664 0.929968 -0.36764 1
0.42561 0.18209 0.934244 -0.356633 1
0.424037 0.239298 -0.975886 0.218282 1
0.424405 0.241211 -0.974622 0.223859 1
0.424785 0.243164 -0.974734 0.223367 1
0.425154 0.245117 -0.977364 0.211564 1
0.425505 0.24707 -0.980947 0.194276 1
0.426251 0.182617 0.934244 -0.356633 1
0.426821 0.18457 0.939296 -0.343107 1
0.427366 0.186523 0.944636 -0.32812 1
0.42588 0.24755 -0.980947 0.194276 1
0.426105 0.249023 -0.982302 0.187303 1
0.426428 0.250977 -0.982069 0.188519 1
0.426746 0.25293 -0.982752 0.184926 1
0.427057 0.254883 -0.983803 0.179251 1
0.427362 0.256836 -0.985458 0.169917 1
0.427614 0.258554 -0.987139 0.159862 1
0.427927 0.186945 0.944636 -0.32812 1
0.428304 0.188477 0.947871 -0.318655 1
0.428816 0.19043 0.950659 -0.310236 1
0.429316 0.192383 0.952881 -0.303343 1
0.427897 0.258789 -0.987139 0.159862 1
0.428166 0.260742 -0.98797 0.154646 1
0.42843 0.262695 -0.988517 0.151106 1
0.428688 0.264648 -0.989233 0.146349 1
0.428939 0.266602 -0.989939 0.141498 1
0.429183 0.268555 -0.990635 0.136534 1
0.429421 0.270508 -0.991497 0.13013 1
0.429608 0.272124 -0.992377 0.123237 1
0.429855 0.192834 0.952881 -0.303343 1
0.430204 0.194336 0.953881 -0.300184 1
0.430692 0.196289 0.956453 -0.291887 1
0.431161 0.198242 0.960459 -0.278422 1
0.431491 0.199757 0.963473 -0.267805 1
0.42985 0.272461 -0.992377 0.123237 1
0.43006 0.274414 -0.992988 0.118211 1
0.430264 0.276367 -0.993501 0.113822 1
0.430461 0.27832 -0.994062 0.108812 1
0.43065 0.280273 -0.994595 0.103832 1
0.430832 0.282227 -0.995071 0.0991678 1
0.431007 0.28418 -0.995505 0.0947074 1
0.431176 0.286133 -0.995915 0.0902944 1
0.431337 0.288086 -0.996309 0.0858449 1
0.431492 0.290039 -0.996718 0.080955 1
0.431603 0.291512 -0.997117 0.0758744 1
0.431979 0.200195 0.963473 -0.267805 1
0.432411 0.202148 0.966486 -0.256718 1
0.432825 0.204102 0.969532 -0.244966 1
0.433225 0.206055 0.971237 -0.238113 1
0.433486 0.20747 0.971297 -0.237871 1
0.431771 0.291992 -0.997117 0.0758744 1
0.431903 0.293945 -0.997463 0.0711827 1
0.432026 0.295898 -0.997768 0.0667737 1
0.432144 0.297852 -0.998039 0.0625988 1
0.432254 0.299805 -0.998288 0.0584823 1
0.432357 0.301758 -0.998525 0.0543006 1
0.432454 0.303711 -0.998737 0.0502344 1
0.432544 0.305664 -0.998931 0.0462358 1
0.432626 0.307617 -0.999109 0.0421953 1
0.432702 0.30957 -0.999264 0.038365 1
0.432771 0.311523 -0.999404 0.0345161 1
0.432834 0.313477 -0.999531 0.0306265 1
0.432889 0.31543 -0.999633 0.0271065 1
0.432939 0.317383 -0.999722 0.0235674 1
0.432981 0.319336 -0.999802 0.0199012 1
0.433017 0.321289 -0.999866 0.0163495 1
0.433047 0.323242 -0.999917 0.0129101 1
0.43307 0.325195 -0.999954 0.00958248 1
0.433087 0.327148 -0.999981 0.00615163 1
0.433097 0.329102 -0.999996 0.00288536 1
0.433101 0.331055 -1 -7.10181e-05 1
0.433096 0.333008 -0.999994 -0.00342979 1
0.433084 0.334961 -0.999968 -0.00793811 1
0.433061 0.336914 -0.999902 -0.0139874 1
0.433024 0.338867 -0.99976 -0.0218989 1
0.432971 0.34082 -0.999531 -0.0306236 1
0.432903 0.342773 -0.999342 -0.0362645 1
0.432834 0.344727 -0.999645 -0.0266356 1
0.432803 0.34668 -0.999489 0.0319571 1
0.432916 0.348633 -0.984156 0.177302 1
0.433233 0.350357 -0.900434 0.434992 1
0.433955 0.208008 0.971297 -0.237871 1
0.434354 0.209961 0.971857 -0.235571 1
0.43474 0.211914 0.97388 -0.227063 1
0.435114 0.213867 0.976057 -0.217515 1
0.435407 0.215497 0.977975 -0.208724 1
0.433924 0.35103 -0.849709 0.527252 1
0.434593 0.352355 -0.639343 0.768922 1
0.435782 0.21582 0.977975 -0.208724 1
0.436125 0.217773 0.980014 -0.19893 1
0.43645 0.219727 0.982393 -0.186828 1
0.436758 0.22168 0.983941 -0.178496 1
0.43706 0.223633 0.984586 -0.174899 1
0.437343 0.225493 0.984535 -0.175191 1
0.436523 0.352881 0.346087 0.938202 1
0.437649 0.225727 0.984535 -0.175191 1
0.437929 0.227539 0.984255 -0.176753 1
0.43823 0.229492 0.985119 -0.171875 1
0.438516 0.231445 0.986877 -0.161475 1
0.438788 0.233398 0.988751 -0.149571 1
0.439042 0.235352 0.990683 -0.13619 1
0.439275 0.237305 0.991983 -0.12637 1
0.439224 0.34082 0.98718 0.159608 1
0.438986 0.342773 0.992826 0.11957 1
0.438844 0.344727 0.998521 0.0543756 1
0.438829 0.34668 0.99999 0.00447116 1
0.43882 0.348633 0.996886 0.078859 1
0.438511 0.350586 0.913629 0.40655 1
0.438004 0.352166 0.76751 0.641037 1
0.439525 0.237716 0.991983 -0.12637 1
0.439699 0.239258 0.991755 -0.128148 1
0.439933 0.241211 0.991404 -0.130837 1
0.440158 0.243164 0.992117 -0.125311 1
0.440372 0.245117 0.992937 -0.118641 1
0.440577 0.24707 0.993603 -0.11293 1
0.440775 0.249023 0.994167 -0.107851 1
0.440965 0.250977 0.994713 -0.102692 1
0.441148 0.25293 0.99541 -0.0956977 1
0.44132 0.254883 0.996169 -0.0874526 1
0.441351 0.325596 0.995379 0.0960229 1
0.441207 0.327148 0.994729 0.102542 1
0.441013 0.329102 0.99387 0.110559 1
0.440806 0.331055 0.992692 0.120673 1
0.440581 0.333008 0.99102 0.133712 1
0.440334 0.334961 0.988858 0.14886 1
0.440066 0.336914 0.98661 0.1631 1
0.439777 0.338867 0.9853 0.170835 1
0.439544 0.340404 0.98718 0.159608 1
0.441479 0.255026 0.996169 -0.0874526 1
0.441617 0.256836 0.996604 -0.0823458 1
0.441762 0.258789 0.996851 -0.0792938 1
0.441902 0.260742 0.997172 -0.0751491 1
0.442033 0.262695 0.997504 -0.0706088 1
0.442158 0.264648 0.997825 -0.0659202 1
0.442274 0.266602 0.998134 -0.0610588 1
0.442382 0.268555 0.998422 -0.0561613 1
0.442482 0.270508 0.998681 -0.0513371 1
0.442574 0.272461 0.998916 -0.0465553 1
0.442658 0.274414 0.999126 -0.0418094 1
0.442734 0.276367 0.999313 -0.0370485 1
0.442801 0.27832 0.999479 -0.0322615 1
0.44286 0.280273 0.999623 -0.0274518 1
0.44291 0.282227 0.999744 -0.0226264 1
0.442951 0.28418 0.999841 -0.0178147 1
0.442983 0.286133 0.999916 -0.0129753 1
0.443007 0.288086 0.999967 -0.00807178 1
0.443021 0.290039 0.999995 -0.00322061 1
0.443023 0.291992 0.999999 0.00154455 1
0.443013 0.293945 0.99998 0.00639743 1
0.442992 0.295898 0.999935 0.0113961 1
0.442963 0.297852 0.999865 0.0164136 1
0.442924 0.299805 0.99977 0.0214538 1
0.442875 0.301758 0.999645 0.026635 1
0.442817 0.303711 0.999491 0.0318924 1
0.44275 0.305664 0.999312 0.0370931 1
0.442674 0.307617 0.999101 0.0424033 1
0.442588 0.30957 0.998847 0.048004 1
0.442493 0.311523 0.998554 0.0537535 1
0.442387 0.313477 0.998231 0.0594515 1
0.442273 0.31543 0.997871 0.0652195 1
0.442148 0.317383 0.99746 0.0712256 1
0.442014 0.319336 0.997004 0.0773459 1
0.44187 0.321289 0.996507 0.0835073 1
0.441717 0.323242 0.995959 0.0898095 1
0.441553 0.325195 0.995379 0.0960229 1
