x y r
1.984864970186 0.006375580927299999 0.4971474680952967
1.983567005668 -0.020036494332 0.4966633496048849
1.983567005668 0.020036494332 0.4966633496048849
1.981310038346 -0.033629461654000006 0.496005626397562
1.981310038346 0.033629461654000006 0.496005626397562
1.918432085782 -0.032458414218 0.4338348572236051
1.918432085782 0.032458414218 0.4338348572236051
1.912297439311 -0.036351060689 0.428708457504195
1.912297439311 0.036351060689 0.428708457504195
1.900700075215 -0.04330512478499998 0.4195883210403925
1.900700075215 0.04330512478499998 0.4195883210403925
1.910163324835 -0.037668175165 0.42697585374097263
1.910163324835 0.037668175165 0.42697585374097263
1.9061303500750002 -0.04004264992500002 0.42383537721198605
1.9061303500750002 0.04004264992500002 0.42383537721198605
1.9068296837779999 -0.039668316222 0.42434123001738083
1.9068296837779999 0.039668316222 0.42434123001738083
1.91653469266 -0.03448630733999998 0.4314387101729547
1.91653469266 0.03448630733999998 0.4314387101729547
1.9104179601640001 -0.03779103983599999 0.4269084167202661
1.9104179601640001 0.03779103983599999 0.4269084167202661
1.915832599942 -0.035073400058 0.43071263708510626
1.915832599942 0.035073400058 0.43071263708510626
1.914242167424 -0.035627832576000024 0.42982790753547273
1.914242167424 0.035627832576000024 0.42982790753547273
1.924061961104 -0.031202038895999984 0.4363399463483373
1.924061961104 0.031202038895999984 0.4363399463483373
1.929864679192 -0.028551320808000047 0.44030068004031175
1.929864679192 0.028551320808000047 0.44030068004031175
1.943309505472 -0.023514494528 0.44862749522550266
1.943309505472 0.023514494528 0.44862749522550266
1.9345657535049998 -0.026396246494999998 0.4435576760878373
1.9345657535049998 0.026396246494999998 0.4435576760878373
1.940693795841 -0.023957204159000017 0.44750142388657604
1.940693795841 0.023957204159000017 0.44750142388657604
1.947518084355 -0.02100491564500004 0.4521928164251165
1.947518084355 0.02100491564500004 0.4521928164251165
1.958882757463 -0.017188242536999992 0.45911583779525084
1.958882757463 0.017188242536999992 0.45911583779525084
1.9604648522049999 -0.01619814779499998 0.4605335055149056
1.9604648522049999 0.01619814779499998 0.4605335055149056
1.967696776684 -0.013375223316000023 0.46543709316098364
1.967696776684 0.013375223316000023 0.46543709316098364
1.9767195120169998 -0.010490487982999952 0.47106011934957537
1.9767195120169998 0.010490487982999952 0.47106011934957537
1.98165313252 -0.008676867480000017 0.474409212985214
1.98165313252 0.008676867480000017 0.474409212985214
1.99681564855 -0.005853351449999988 0.4844007764645825
1.99681564855 0.005853351449999988 0.4844007764645825
1.996606671045 -0.005338328954999971 0.48469150161251356
1.996606671045 0.005338328954999971 0.48469150161251356
1.9998983925 0.0057623925000000464 0.4813750939314819
1.9998983925 -0.0057623925000000464 0.4813750939314819
2.0006923678720003 0.007532367872000012 0.48030006496769534
2.0006923678720003 -0.007532367872000012 0.48030006496769534
2.00111356362 0.010064563619999967 0.47947726458107814
2.00111356362 -0.010064563619999967 0.47947726458107814
2.00445808896 0.021943088959999968 0.4744283361964053
2.00445808896 -0.021943088959999968 0.4744283361964053
2.004053760305 0.019948760305000035 0.4755710059745969
2.004053760305 -0.019948760305000035 0.4755710059745969
2.0061675245 0.028484524499999997 0.47189310960957165
2.0061675245 -0.028484524499999997 0.47189310960957165
2.005493141297 0.025970141296999982 0.47287405206453653
2.005493141297 -0.025970141296999982 0.47287405206453653
2.005606876093 0.026276876093000057 0.4727232874678222
2.005606876093 -0.026276876093000057 0.4727232874678222
2.005941339056 0.027505339056 0.4722371768210727
2.005941339056 -0.027505339056 0.4722371768210727
2.0062064883 0.026285488299999993 0.47279785881870756
2.0062064883 -0.026285488299999993 0.47279785881870756
2.0043560465179997 0.022127046518000015 0.4750439926828753
2.0043560465179997 -0.022127046518000015 0.4750439926828753
2.00363832584 0.01822732584000003 0.47677725303789814
2.00363832584 -0.01822732584000003 0.47677725303789814
2.00405499175 0.020973991750000087 0.4754614309245046
2.00405499175 -0.020973991750000087 0.4754614309245046
2.004617260116 0.021697260115999983 0.4755484002560192
2.004617260116 -0.021697260115999983 0.4755484002560192
2.004144553824 0.02041855382400004 0.4761105362320108
2.004144553824 -0.02041855382400004 0.4761105362320108
1.997770552996 0.004768552995999986 0.4853310288759694
1.997770552996 -0.004768552995999986 0.4853310288759694
2.001598094905 0.015364094905000014 0.47818821200889083
2.001598094905 -0.015364094905000014 0.47818821200889083
1.9977988748670001 0.004627874867000004 0.4852767831428579
1.9977988748670001 -0.004627874867000004 0.4852767831428579
1.995120557232 0.0007505572320000709 0.48720404182581645
1.995120557232 -0.0007505572320000709 0.48720404182581645
1.9824454985759998 0.007061498576000025 0.4759069168742689
1.9824454985759998 -0.007061498576000025 0.4759069168742689
1.982115989356 0.0069659893559999575 0.47559750355010894
1.982115989356 -0.0069659893559999575 0.47559750355010894
1.991084571052 0.00624257105199999 0.47987286308193033
1.991084571052 -0.00624257105199999 0.47987286308193033
1.993748706295 7.670629500000636e-05 0.48679233340615813
1.993748706295 -7.670629500000636e-05 0.48679233340615813
2.00046732702 0.006564327020000038 0.4830225463469797
2.00046732702 -0.006564327020000038 0.4830225463469797
2.0038227940319997 0.015462794032000016 0.4759735630161876
2.0038227940319997 -0.015462794032000016 0.4759735630161876
2.0079592703699998 0.02274927037000002 0.4705771023032791
2.0079592703699998 -0.02274927037000002 0.4705771023032791
2.0134695222600003 0.03227952225999997 0.4633653397441154
2.0134695222600003 -0.03227952225999997 0.4633653397441154
2.0133363933419997 0.032025393342 0.4635411871934765
2.0133363933419997 -0.032025393342 0.4635411871934765
2.018801760186 0.04125676018600005 0.4564253507804595
2.018801760186 -0.04125676018600005 0.4564253507804595
2.024289207328 0.05039720732799996 0.44926830254922284
2.024289207328 -0.05039720732799996 0.44926830254922284
2.024662073209 0.05107707320899996 0.4487934704114374
2.024662073209 -0.05107707320899996 0.4487934704114374
2.030482094435 0.06066009443499998 0.4410506082129552
2.030482094435 -0.06066009443499998 0.4410506082129552
2.035334336805 0.06876433680500005 0.43444518188312287
2.035334336805 -0.06876433680500005 0.43444518188312287
2.039097678848 0.07779967884799993 0.42654398014120964
2.039097678848 -0.07779967884799993 0.42654398014120964
2.0415342475069997 0.08514324750699998 0.4198762788159827
2.0415342475069997 -0.08514324750699998 0.4198762788159827
2.04208069564 0.08664669564 0.4185005687334189
2.04208069564 -0.08664669564 0.4185005687334189
2.049356273996 0.09079127399599995 0.41564135590434875
2.049356273996 -0.09079127399599995 0.41564135590434875
2.050024312817 0.09173331281699992 0.41478842068828325
2.050024312817 -0.09173331281699992 0.41478842068828325
2.0473668809600003 0.07849511904000006 0.42966131804984165
2.0473668809600003 -0.07849511904000006 0.42966131804984165
2.021014964225 0.007510035775000035 0.5047278233690069
2.021014964225 -0.007510035775000035 0.5047278233690069
2.013525314776 0.01038868522400005 0.5040240794278199
2.013525314776 -0.01038868522400005 0.5040240794278199
2.01317481469 0.010658185310000012 0.5037145087365268
2.01317481469 -0.010658185310000012 0.5037145087365268
2.00537481469 0.01351618531000004 0.5037145087365268
2.00537481469 -0.01351618531000004 0.5037145087365268
2.0013630358400003 0.015110964159999962 0.5037196853953976
2.0013630358400003 -0.015110964159999962 0.5037196853953976
1.9969520780099999 0.016928921990000012 0.5038416676783285
1.9969520780099999 -0.016928921990000012 0.5038416676783285
1.9940907551199998 0.01833124488000004 0.5038335387447691
1.9940907551199998 -0.01833124488000004 0.5038335387447691
1.9979634149299998 0.016347585070000004 0.5033099796971576
1.9979634149299998 -0.016347585070000004 0.5033099796971576
1.989960951514 0.021108048486000064 0.5034266857403257
1.989960951514 -0.021108048486000064 0.5034266857403257
1.9872220887999998 0.02217291119999998 0.5037015688468082
1.9872220887999998 -0.02217291119999998 0.5037015688468082
1.9991926632049999 -8.901592330000027e-05 0.48310195889883584
1.9991926632049999 8.901592330000027e-05 0.48310195889883584
1.9995063264780002 -0.001057927819799999 0.4828354304684537
1.9995063264780002 0.001057927819799999 0.4828354304684537
1.9999658221260002 -0.002450531000799998 0.48246346702907894
1.9999658221260002 0.002450531000799998 0.48246346702907894
1.9997769797519998 -0.001948479752 0.48257797987360956
1.9997769797519998 0.001948479752 0.48257797987360956
2.0154944501300003 0.03573954987 0.4607908119728639
2.0154944501300003 -0.03573954987 0.4607908119728639
1.999504803984 0.0020336960159999945 0.4823027164263562
1.999504803984 -0.0020336960159999945 0.4823027164263562
2.001123854555 0.009312645445000003 0.4795869926577296
2.001123854555 -0.009312645445000003 0.4795869926577296
2.005628777236 0.01873022276399998 0.4735616445336919
2.005628777236 -0.01873022276399998 0.4735616445336919
2.0099934613099997 0.02636853869 0.4678563902462293
2.0099934613099997 -0.02636853869 0.4678563902462293
2.0386303156689998 0.07399368433100001 0.43019745404800547
2.0386303156689998 -0.07399368433100001 0.43019745404800547
2.0200349127669996 0.043346087233000014 0.4548015111773999
2.0200349127669996 -0.043346087233000014 0.4548015111773999
2.02698559938 0.054962400619999977 0.44565779511990283
2.02698559938 -0.054962400619999977 0.44565779511990283
2.032252250424 0.063651749576 0.4386351065272674
2.032252250424 -0.063651749576 0.4386351065272674
2.03585639248 0.06984160751999999 0.4336661010587122
2.03585639248 -0.06984160751999999 0.4336661010587122
2.039269834009 0.075555165991 0.4288501566717813
2.039269834009 -0.075555165991 0.4288501566717813
2.040444337072 0.07762566292799997 0.4271516492924857
2.040444337072 -0.07762566292799997 0.4271516492924857
2.03989310558 0.07655689442000002 0.4280418807262525
2.03989310558 -0.07655689442000002 0.4280418807262525
2.0322696925190002 0.06169530748100002 0.44052505266102415
2.0322696925190002 -0.06169530748100002 0.44052505266102415
1.984655929176 0.036152070824000015 0.49506093144883967
1.984655929176 -0.036152070824000015 0.49506093144883967
2.01211493756 0.057530062439999974 0.4601187434566218
2.01211493756 -0.057530062439999974 0.4601187434566218
2.012274258808 0.05499674119199999 0.4616441306922778
2.012274258808 -0.05499674119199999 0.4616441306922778
1.9860273601600003 0.03325463983999999 0.4958242807362607
1.9860273601600003 -0.03325463983999999 0.4958242807362607
2.012987358652 0.05474764134800003 0.46237653366170545
2.012987358652 -0.05474764134800003 0.46237653366170545
2.01187544766 0.05908955234000002 0.4590653430689616
2.01187544766 -0.05908955234000002 0.4590653430689616
2.0124329186280003 0.05618408137200004 0.46112320132830825
2.0124329186280003 -0.05618408137200004 0.46112320132830825
2.011286521219 0.06463947878100001 0.4555638132483632
2.011286521219 -0.06463947878100001 0.4555638132483632
2.011499856479 0.06312414352099999 0.45656002908668974
2.011499856479 -0.06312414352099999 0.45656002908668974
2.012113735018 0.05967126498199998 0.45894830279492327
2.012113735018 -0.05967126498199998 0.45894830279492327
2.0114447376639997 0.06359326233599999 0.45626060503042487
2.0114447376639997 -0.06359326233599999 0.45626060503042487
2.01166577689 0.061917223109999975 0.4573523811376122
2.01166577689 -0.061917223109999975 0.4573523811376122
2.011867897723 0.06022510227699995 0.4584404952384892
2.011867897723 -0.06022510227699995 0.4584404952384892
2.0118629806349997 0.061106019364999986 0.45795767765258777
2.0118629806349997 -0.061106019364999986 0.45795767765258777
2.01154142826 0.06342657174000005 0.4564319798519752
2.01154142826 -0.06342657174000005 0.4564319798519752
2.0120802633659998 0.05882773663399998 0.4593804140576834
2.0120802633659998 -0.05882773663399998 0.4593804140576834
1.98114549856 0.04553050144000004 0.4936424558333426
1.98114549856 -0.04553050144000004 0.4936424558333426
1.987459142976 0.03483685702400002 0.4937134610502262
1.987459142976 -0.03483685702400002 0.4937134610502262
2.0362517523699997 0.06929324763000003 0.4343028339790624
2.0362517523699997 -0.06929324763000003 0.4343028339790624
2.036291422769 0.06944357723099998 0.4341697156423397
2.036291422769 -0.06944357723099998 0.4341697156423397
2.0301467149990002 0.055760285001000026 0.4458179203401482
2.0301467149990002 -0.055760285001000026 0.4458179203401482
1.98668498827 0.03615701173000002 0.493658085968437
1.98668498827 -0.03615701173000002 0.493658085968437
1.985343279507 0.037368720492999996 0.4940270773011106
1.985343279507 -0.037368720492999996 0.4940270773011106
1.9884470934590002 0.03143790654100004 0.4949379062592673
1.9884470934590002 -0.03143790654100004 0.4949379062592673
1.989433797032 0.031563202968000026 0.4938987864934004
1.989433797032 -0.031563202968000026 0.4938987864934004
2.0524024483536003 0.09507340296 0.41176530559022867
2.0524024483536003 -0.09507340296 0.41176530559022867
2.054874761716 0.09841676171600006 0.4086680135197347
2.054874761716 -0.09841676171600006 0.4086680135197347
2.0563929414036 0.10041011090399998 0.40678732949165114
2.0563929414036 -0.10041011090399998 0.40678732949165114
2.05668383949748 0.10078289667599999 0.40642899399361154
2.05668383949748 -0.10078289667599999 0.40642899399361154
2.0562696842494 0.100292147459 0.40693114067061986
2.0562696842494 -0.100292147459 0.40693114067061986
2.0553113513716 0.09919260487199999 0.40808642457791156
2.0553113513716 -0.09919260487199999 0.40808642457791156
2.0515760410520003 0.07939895894799998 0.4281576625090353
2.0515760410520003 -0.07939895894799998 0.4281576625090353
2.0481341941249998 0.07657580587499996 0.43144152826727883
2.0481341941249998 -0.07657580587499996 0.43144152826727883
2.037366249304 0.07039375069600007 0.43958378905920353
